TOPSTATS 8 1274 18590 1978 537 17233 57228 -1896 -1 
Brynna 5 1084 2 9 2896 101 1025729785 1026122 
Spiker 0 84 0 12 740 16 1777321 1755 
Yorl 1 2490 14 41 2140 240 1345213457 1345299 
Ada 0 2260 7 12 2280 171 1919367837 1919767 
Iyth 0 2940 0 3 2336 193 1909535254 1910225 
Paarshad 217 4668 1978 309 6379 28250 1496351791 1493595 
Shaka 0 1018 11 35 1702 144 1080096362 1079996 
Irkallia 11 9258 18 46 10283 732 1360622488 1362610 
Mitsu 0 2124 0 12 774 57 29716955 29942 
Vorpal 6 5235 4 249 7665 1029 1943934312 1943720 
DrDoom 2 2737 5 24 3048 219 1407525564 1408012 
Kukulkan 26 7305 54 55 2564 591 1008136074 1008431 
Uriah 0 0 0 1 184 1 210523 219 
Malfoy 4 998 22 9 1582 48 34093153 33990 
Theophania 0 1 0 0 337 1 591297 625 
Tancono 3 777 3 41 1822 123 1377270416 1377206 
Nitsud 0 0 0 0 11 0 14488 15 
Minor 0 79 0 6 492 12 2000530 2008 
Spaz 0 28 0 0 632 8 31819165 31892 
Tyranny 11 1318 0 1 1852 111 2038895038 2039345 
Epperson 0 380 0 40 2292 107 386915024 386889 
Oskar 0 45 0 0 863 12 10997840 11099 
Kabal 1 330 3 10 1376 118 887124253 887270 
Shawk 0 254 0 0 543 8 11825411 11912 
Sylas 0 1320 3 9 1623 91 495158977 495408 
Tifa 0 10 0 2 462 3 617737 647 
Zarzab 0 6 0 0 250 0 255321 280 
Ratalon 0 965 8 12 1646 136 1518607966 1518763 
Yaohan 12 12573 13 26 12858 703 -1314928897 -1312102 
Eowyn 0 318 2 9 885 51 341811744 341861 
Kaida 0 214 0 9 470 46 692769506 692793 
Outsider 0 111 1 8 1084 35 320876343 320935 
Necrov 0 2059 0 90 3040 243 850794396 850646 
Naslander 29 2793 15 11 8465 166 1836083824 1837126 
StarChaser 5 4410 15 67 4018 515 1447517526 1447994 
Sartorious 0 2 19 4 619 21 4114384 3871 
Archaon 0 217 0 1 634 7 721974 802 
Thorin 65 15544 48 126 12495 1381 1177404177 1179803 
Galadriel 8 3166 21 66 6454 928 2080032211 2080970 
Derli 157 13941 133 359 13336 2118 -2143701168 -2143970 
Eddard 10 4784 8 11 709 300 54661 702 
Marken 0 245 0 4 527 8 2257916 2301 
Kaos 12 2522 32 537 3579 633 1174841255 1170269 
Zethra 0 184 0 6 1955 52 382356540 382561 
Candy 74 7241 116 77 5675 636 -2053294414 -2053655 
Evinthor 0 11 0 0 196 1 132384 153 
Alicia 9 631 8 26 1935 640 84331669 84874 
Lithien 0 90 12 11 1186 62 28014242 27913 
Bumbler 0 332 0 1 216 8 14310909 14362 
Hercule 0 28 0 1 176 28 0 37 
Lohengrin 0 1513 1 15 1515 63 107337918 107537 
Maeko 2 77 2 8 826 28 19998025 20011 
Reviler 0 255 0 2 548 17 9923566 9999 
Elliria 0 44 0 1 404 4 6628315 6666 
Roash 0 1607 1 40 2624 175 264535500 264717 
TalonSlayer 3 2842 5 17 11392 569 -2083413020 -2081657 
Kilriata 3 4968 3 24 3039 240 370180276 370943 
Aerindir 0 0 0 0 11 0 14312 15 
Kraft 7 4933 28 146 7267 2985 288756 2633 
Clive 0 1346 2 17 2611 283 93068187 93546 
QuestImm 0 0 0 0 1 0 10420 10 
Gith 3 951 19 17 2465 235 1715939285 1716069 
Krunk 16 11395 7 87 8021 447 -1758675173 -1757214 
Clyve 0 10 1 1 218 7 967930 971 
Miraku 0 79 0 3 669 13 33684826 33740 
Mendou 1261 11521 404 94 12591 2227 -244140974 -242719 
Testch 0 0 0 0 1 0 10400 10 
Chlorr 0 473 0 7 974 24 26527916 26625 
Lazora 0 0 0 0 1 0 10400 10 
Bethor 0 25 0 3 751 26 75369377 75442 
Elervan 0 3 0 0 225 3 3078664 3103 
RockHammer 22 1220 8 24 469 380 425289580 425543 
Carolinus 0 2993 0 66 2269 406 1697474907 1697745 
Sigil 0 0 0 0 2 0 10760 10 
David 7 14163 28 110 4379 940 693056850 694350 
Quicksilver 86 7997 82 91 4902 721 256287002 256415 
Lynk 0 594 0 3 2081 73 438059684 438369 
Rot 0 98 0 0 511 24 231246603 231330 
Pik 0 7 0 0 228 5 1550988 1577 
Sinther 9 5792 14 4 648 475 58863540 59758 
Yuffie 0 34 1 13 395 13 11178224 11088 
Azaleas 0 0 0 0 21 1 17769 20 
Acacia 0 95 0 1 214 4 208969 232 
Kombucha 1 1211 25 30 2887 393 735646497 735776 
Terrant 0 8747 0 0 3068 286 1334036024 1335502 
Gan 0 0 0 0 4 0 11536 11 
Quetzal 16 1347 19 51 7090 258 1448902848 1449256 
Morghiel 10 2858 8 1 61 966 334531234 335688 
Godiva 0 238 12 38 2432 518 766256195 766480 
Threner 54 494 42 45 1298 336 392622973 392218 
Antares 0 61 0 0 395 7 1094023 1146 
Galiont 24 3111 20 25 1978 20255 2075279300 2095564 
Lisara 0 999 3 10 831 205 26126313 26368 
Zaay 28 2357 16 29 5145 248 -1732565921 -1732014 
Bossk 0 38 0 2 363 6 3695080 3720 
Mememe 0 14 0 8 606 14 1358713 1353 
Animaclepta 1 2052 5 7 1418 63 251340654 251607 
Charmie 0 240 0 6 1212 38 80107133 80230 
Aureliana 0 0 0 0 15 0 25360 26 
Taheem 0 36 0 1 338 77 334744 437 
Mendos 0 0 0 0 7 0 1035908 1035 
Silverstreak 0 359 0 5 428 9 420 36 
Sext 0 0 0 0 126 0 121042 133 
Bibadi 0 1 0 0 32 0 22421 25 
Grollug 0 0 0 0 137 1 1570680 1584 
Quad 3 279 1 8 1 26 0 -33 
Asunas 0 3 0 0 155 0 472636 487 
Gorak 0 0 0 0 4 0 11488 11 
Deuce 0 32 0 0 561 3 1876199 1938 
Chapulin 0 452 0 0 866 21 16243936 16395 
Jacenty 9 776 31 21 1574 43 53059492 52688 
Aramant 0 0 0 1 55 0 38859 33 
Sillycon 0 12 0 1 173 2 205810 215 
Sabin 0 0 0 0 1 0 10380 10 
Gunter 0 0 0 0 1 0 10396 10 
Diablo 0 2447 0 2 681 74 70103586 70469 
Whiteout 1 322 3 2 404 124 88100809 88234 
Vivi 0 40 0 0 364 7 23678544 23725 
Zemia 102 3436 149 171 8461 810 1548905475 1547265 
Daesa 2 166 5 18 2783 154 1451489195 1451688 
Pingo 25 1872 24 30 13641 218 2116075785 2117259 
Lokkie 2 2423 2 11 1936 156 116144002 116601 
Kain 0 184 0 0 705 16 35835888 35939 
Edrick 0 219 0 2 784 40 91240327 91359 
Abaddon 0 576 0 1 804 14 3674549 3815 
WildRaven 0 1 0 0 101 2 148277 160 
Lia 6 750 82 75 4391 239 162762218 161553 
Paen 28 4375 25 29 3663 369 1749104347 1749695 
Tear 70 3381 112 175 4698 626 1784499814 1782712 
Sargon 22 10366 1 17 3863 243 1941125988 1942671 
Roe 0 91 0 7 523 16 16055901 16062 
Tezcali 0 0 0 0 53 0 39024 44 
Angelcry 36 2739 43 111 9809 494 664317752 664417 
Lune 23 4128 30 103 3446 261 1884350848 1883956 
Adaraya 0 5 0 0 406 4 3347581 3391 
Poe 0 857 10 7 697 543 99313400 99790 
Aeris 0 0 0 0 315 0 146573 177 
Tritos 0 93 0 3 116 2 97760 89 
Tripp 0 422 0 6 732 47 136585152 136687 
Adrealla 2 705 8 24 1771 199 984929353 985021 
Helvetet 0 1524 0 3 572 75 -1688243234 -1687989 
Twymm 284 1508 15 0 5274 342 -2010190183 -2008544 
Barbosa 0 0 0 0 37 0 33808 36 
Boss 0 141 0 0 368 7 6379697 6436 
Thanantos 0 5 1 1 180 0 137998 130 
Frazzle 0 0 0 0 14 0 26224 27 
DmX 13 1452 4 6 686 105 46822976 47059 
Lasher 7 5457 2 28 5609 394 -1901928239 -1900718 
Matrix 0 855 0 2 298 31 35512675 35637 
Classy 0 3 1 0 80 3 437367 433 
Malice 0 254 0 2 110 15 1401313 1432 
Azgarth 154 1267 130 133 371 48611 235623024 281579 
Amonsul 0 69 0 9 848 8 431093 439 
Laehn 17 2080 5 9 3744 156 1654886172 1655510 
Gonzo 3 416 13 4 1187 47 393523122 393503 
Parhelion 0 0 0 0 1 0 10392 10 
Splinter 45 2870 7 9 3487 186 95957028 96718 
Tokachu 0 478 0 16 1504 109 129204597 129350 
StarKraft 0 681 0 17 2274 145 114255000 114525 
StrongBad 0 552 0 2 1189 43 82042593 82238 
Dijoist 120 18590 14 46 5395 352 601592951 604032 
Spence 0 1609 0 36 1405 105 108416631 108461 
Meliki 0 0 0 0 1 0 10396 10 
Caelum 0 5 0 0 515 6 1042728 1099 
Carden 0 32 0 9 3188 29 35508474 35768 
Boltman 39 2468 64 86 5077 461 578780338 578291 
Ozzira 0 0 0 0 1 0 10396 10 
Curve 37 1134 213 72 2540 515 74959151 72037 
Elendil 0 0 0 0 121 0 133363 145 
Amaya 0 75 1 13 929 37 102251504 102242 
Lucca 0 0 0 0 36 0 43380 46 
Sallana 0 15 0 3 720 35 5065923 5143 
Pancho 4 1890 10 3 329 134 416 187 
Kali 0 3187 0 8 1053 68 34663286 35074 
Kireal 0 2172 0 9 841 52 5643286 5906 
Domination 0 158 0 0 535 22 160322000 160412 
Katana 0 24 0 2 139 1 142704 138 
Peck 1 2235 1 12 1565 218 59523555 59988 
Jimthetest 0 0 1 1 124 0 46609 33 
Walpurg 18 2334 10 11 315 167 144196617 144421 
Sanusa 0 0 0 0 1 0 10380 10 
Oroth 0 628 1 3 1835 44 195463264 195707 
Gambitt 59 3601 35 32 2145 468 909618862 909992 
Creater 0 1 0 0 60 0 34928 40 
Meera 0 320 0 0 774 31 42663427 42803 
Blackfire 0 148 0 20 806 20 6492097 6406 
Astro 21 1008 50 102 3481 365 515731795 514837 
Psyn 2 4 0 0 396 9 133753801 133807 
Devlish 46 2964 39 17 190 369 130127481 130194 
Duhnz 4 7455 2 34 3787 306 771137081 772208 
Robo 0 1 0 0 335 0 202910 235 
Sky 0 25 0 0 380 5 1545448 1590 
Mudra 0 0 0 0 10 0 13720 14 
Ziarre 0 269 0 4 641 17 2194753 2261 
Silveraven 3 1926 6 31 1856 605 126650087 127241 
Intrepid 0 4 0 1 102 1 55896 56 
Jolt 52 6278 19 10 686 336 232802261 233604 
Method 1 1375 5 9 635 159 55820066 56017 
LimDul 0 115 0 1 189 12 2040377 2071 
Urien 0 13 0 0 83 1 32425 42 
RavenWind 0 0 0 0 19 0 26544 27 
JenSing 0 0 0 0 1 0 10372 10 
Adara 0 0 0 0 1 0 10384 10 
Westbe 0 475 0 11 1410 26 92393384 92497 
Krin 0 315 2 7 846 11 23231702 23257 
Czentali 0 520 0 1 710 69 1240014415 1240196 
Dream 0 0 0 1 272 7 6047185 6071 
Kemnaa 0 1 0 1 177 9 81121 97 
Zylph 9 2337 0 12 1494 78 55250141 55617 
Lame 235 559 428 503 3924 683 56487050 46872 
Tigger 95 4805 45 33 5913 586 292498955 293435 
Aurin 0 0 0 0 38 0 24896 27 
Uldar 0 0 0 0 46 2 28952 34 
Marle 0 4 0 1 188 2 225455 235 
Lavos 0 2 7 0 119 0 98630 4 
Ironwolf 71 3844 48 39 475 623 371972135 372129 
Flerpy 0 65 1 6 260 10 239058 206 
IceCube 1 704 2 2 146 38 7261004 7336 
Nyjx 0 103 0 0 384 11 33653889 33712 
Aenima 83 2595 11 33 6115 284 95907864 96815 
Kal 0 41 0 0 381 3 514564 559 
Bella 0 218 0 2 612 18 30156019 30236 
Malachias 1 1943 0 35 2028 81 12015000 12145 
Sophie 0 2 0 0 52 0 31019 36 
Claw 3 2385 6 7 499 176 55100072 55412 
Alf 0 1349 2 19 1986 97 974857261 975066 
Vorporal 0 0 0 0 27 0 30176 32 
RavenHawk 0 1 0 0 142 1 121816 136 
Classtest 0 0 0 0 41 0 27180 31 
Newbone 1 3 2 1 15 0 -361980199 -362016 
Gatts 0 174 0 1 0 19 0 26 
Aoshi 2 4854 18 41 3547 265 284032089 284462 
Wicked 0 0 0 0 13 0 1354368 1355 
Deusm 0 751 0 4 578 27 16692200 16811 
Gexlar 0 0 0 0 91 0 102548 111 
Slick 0 1085 0 0 13 45 4654976 4808 
Apocalypse 0 258 0 5 233 16 2534800 2548 
Fawkes 0 1816 0 1 897 29 4495904 4784 
Jezand 0 196 0 0 2 1 408 20 
Schlinko 15 2250 8 10 1477 123 73432920 73752 
Salochin 6 426 29 24 1674 115 150847697 150514 
Bropal 27 2651 4 8 2290 147 73586428 74168 
Limeak 12 1483 0 3 3334 133 30275533 30895 
Alander 7 1347 0 2 1123 61 416 308 
Dijo 212 5219 81 26 2713 532 1152 486 
Flanch 234 1977 274 214 5404 693 161399173 157281 
Flar 3 3005 0 1 2149 115 106085263 106713 
Tuff 56 2828 28 14 3831 223 943414884 943910 
Arienne 0 1 0 0 145 2 465439 481 
Jinto 0 3 0 2 182 4 523594 525 
Grendryn 0 4 0 1 84 0 63406 61 
Grifith 0 0 0 0 1 0 10380 10 
Jocko 97 5540 27 28 4287 435 2080168792 2081191 
Arnath 0 0 0 0 16 0 15824 16 
Thoryn 15 11272 18 32 2363 617 720136062 721571 
Killme 1 1 21 94 106 3 33175 -1206 
Fyre 0 14 0 0 599 7 19771519 19838 
Saphyne 0 4 0 0 242 2 995516 1021 
Galeth 0 8 0 0 30 0 33120 36 
Viat 0 0 0 1 22 0 28324 20 
Jayde 0 68 0 6 817 28 144218103 144273 
Goliath 34 1425 16 10 2206 114 91160302 91398 
Daxia 0 0 0 0 2 0 10824 10 
Sammara 0 0 0 0 1 0 10388 10 
Latinos 0 36 0 0 174 1 1044375 1065 
Poorboy 0 259 4 13 789 26 505045 444 
Balthazar 0 202 0 12 561 18 376260 350 
Devilspawn 0 24 0 3 248 6 177162 179 
Marionette 0 0 0 0 45 0 26920 30 
Carpathia 0 368 0 12 983 84 36883230 36981 
Isengard 0 35 0 1 204 1 408 14 
McMedic 0 1786 2 13 3072 376 1195780659 1196481 
Amanda 0 1542 1 7 452 175 34376436 34665 
Luka 0 0 0 0 15 0 25360 26 
Duper 1 0 1 0 332 10 2880035 2911 
Krad 0 0 0 0 4 0 11680 11 
Soulfire 0 0 0 0 117 5 915077 931 
Draconion 0 7 0 5 211 18 51754 40 
Regen 1 0 2 2 168 5 46383 20 
Lauras 67 803 30 45 4875 236 104587186 104691 
Backstabber 47 342 67 127 4209 236 491548578 490104 
Incisor 0 0 0 0 44 0 21619 25 
Fister 2 216 4 9 1147 75 84360679 84426 
Marinox 1 11 3 3 984 5 1426176 1458 
Sparklypoof 0 5 0 0 86 0 91733 99 
Lamoreux 0 0 0 0 1 0 10404 10 
Murdoc 11 3871 51 64 3221 361 1175263861 1174961 
DawnKaos 20 3591 47 31 3079 266 446561739 446538 
Zebub 15 8491 28 99 4713 470 197298634 197723 
Buzz 21 6380 5 19 4068 462 1697684856 1698988 
Raphael 0 210 0 4 1018 38 103715017 103835 
Shakira 0 5 0 0 153 2 400 17 
Aragorn 0 12 0 1 243 4 227220 246 
Alias 0 34 5 4 948 32 137913609 137927 
Zinkarnyte 1 43 1 1 387 3 4090735 4113 
Lamoreaux 4 109 58 118 3498 281 47884042 46486 
Gripenfelter 0 0 0 0 22 0 29740 31 
Nartic 6 2621 4 97 4726 292 1284465958 1284479 
Finn 7 1839 27 29 2958 339 950659508 950802 
Majinbuu 0 2 0 0 41 0 34447 38 
Izor 0 87 5 1 680 22 35485903 35498 
Artanis 0 0 0 0 1 0 10416 10 
InsaneMelody 0 0 0 0 13 0 25352 26 
Desrielle 0 1262 0 6 746 19 6753639 6912 
Owned 0 0 0 0 103 6 65777 81 
Entangler 1 9 7 6 437 72 1131664 1084 
Ssalic 0 0 0 0 2 3 10752 13 
Matty 0 188 0 0 749 24 76737267 76853 
Goldberry 0 40 0 6 780 22 52478633 52522 
Katira 0 0 0 0 68 0 46572 52 
Kaiya 0 694 5 4 965 40 3805950 3895 
Shock 0 0 0 0 36 0 23623 26 
Somni 0 6 0 2 71 3 56299 46 
Asstro 12 904 47 96 3217 340 471988327 471110 
Rapscallion 0 0 0 0 1 0 10376 10 
Zanatos 0 8 3 4 181 22 96096 51 
Babidi 0 0 0 0 24 0 29012 31 
SilentKnight 0 25 0 5 467 20 499294 517 
Maginbuu 0 0 0 0 1 0 10372 10 
Oppression 27 1442 1 0 1434 115 1839499162 1839967 
Juliette 0 47 0 7 569 44 20389268 20423 
TaskMaster 0 59 1 7 732 18 6263574 6274 
Inferno 143 4370 55 21 419 613 211135513 211620 
Zugget 0 416 0 2 484 19 38476325 38564 
Jaerdi 0 14 0 6 383 3 3197898 3179 
Starre 0 0 0 0 1 0 10376 10 
Sckhar 0 0 0 0 1 0 10404 10 
Raal 12 3788 7 16 353 155 58106771 58445 
Peloquin 0 29 0 0 164 1 103388 122 
Glitz 1 808 1 15 1096 163 848 190 
Iceman 0 224 0 5 368 54 41470667 41532 
Minerva 0 65 0 0 554 6 11892005 11959 
Alfonso 0 0 0 0 1 0 10392 10 
Rennik 0 116 0 0 631 10 15985514 16069 
Lander 0 646 0 7 1129 16 16143343 16265 
Ergan 0 17 0 0 351 1 256883 293 
Iar 0 0 0 0 102 0 105760 115 
Arios 0 0 0 0 3 0 11236 11 
Karali 0 1 0 1 53 0 39233 34 
Grukmuck 0 4 0 0 126 2 104086 118 
Raymon 0 0 0 1 77 1 1350964 1348 
Kyton 1 237 9 28 947 66 380 -229 
Cyber 0 5 3 0 161 3 323630 297 
Mulnin 22 1575 81 53 4062 370 126146389 125400 
Arthas 2 9 2 1 194 2 213197 200 
Gayman 0 0 0 0 28 0 32260 34 
Karapoof 0 0 0 0 1 0 10388 10 
Talia 0 0 0 0 7 0 22160 22 
Asdf 0 0 0 0 1 0 10404 10 
Newbstabber 40 340 66 126 4164 224 491036670 489580 
Striker 0 16 0 0 181 1 683337 703 
Viker 0 8 0 0 57 0 42716 47 
Selestial 0 0 0 0 87 0 82118 90 
Amon 0 0 0 0 8 0 13168 13 
Elmdor 0 0 0 0 1 0 10400 10 
Megiddo 0 1954 0 3 765 42 44603261 44886 
Neuron 0 22 0 2 441 8 13522496 13556 
Groix 0 130 0 0 218 14 346242829 346290 
Equinox 0 0 0 0 2 0 10760 10 
Pluto 0 27 0 0 37 0 435705 440 
Coal 0 16 0 0 23 3 1345633 1351 
Revenge 0 0 0 0 26 0 711359 713 
Xauel 0 62 0 0 224 2 601576 631 
Sharon 0 1 0 0 230 3 1045503 1071 
Argo 0 0 0 0 126 0 66985 78 
Brutality 1 46 1 0 240 1 189868 206 
Inuyasha 0 0 0 0 17 0 16664 17 
Eternity 0 7 0 0 161 0 87613 103 
Mothra 0 12 0 0 19 0 1357200 1359 
Machette 0 3 0 0 45 1 38299 43 
Sorin 0 0 0 0 6 0 396 0 
Doodle 0 37 0 0 90 0 416 12 
Trollstomper 0 12 0 0 153 0 137307 153 
Serengal 0 0 0 0 1 0 10004 10 
Plucky 0 0 0 0 24 0 412 2 
Lenor 0 0 0 0 13 0 10039 11 
Veto 0 99 0 0 1 1 416 10 
Xorn 0 55 0 0 1 1 388 6 
Whimpy 0 0 0 0 1 0 412 0 
Xorg 0 0 0 0 1 0 412 0 
Zorry 0 63 0 0 21 2 1348532 1358 
Zaheva 0 0 0 0 2 0 915500 915 
Theo 0 13 0 0 1 0 416 1 
Sandstorm 0 12 0 1 13 0 1025044 1017 
Aleth 0 0 0 0 6 0 12352 12 
Larus 0 0 0 0 10 0 14120 15 
Asdfg 0 0 0 0 1 0 10380 10 
Fairy 0 18 0 1 159 12 97273 115 
Newbtwo 0 0 1 0 8 0 11322 -4 
XxZeroxx 0 98 0 5 344 7 3668500 3668 
Katura 0 128 0 0 3 2 832 14 
Abolis 0 478 0 0 279 5 3373480 3452 
Razenth 0 1 0 1 11 0 14439 5 
Ringo 0 1 0 0 21 0 605137 607 
PsychoLich 0 6 0 15 66 0 286426 142 
Lirawen 0 1186 0 2 2593 248 1538417238 1539022 
Kiwi 0 2 0 0 150 9 299630 323 
Overon 0 0 0 0 4 0 11568 11 
Axel 0 332 0 8 764 23 6357774 6409 
Ambrosia 0 0 0 0 20 0 17840 19 
Gunnar 23 5833 8 20 2134 533 1808197219 1809275 
Hunyuk 0 4 0 0 44 0 38265 42 
Marra 0 314 0 7 958 63 697920794 698039 
NeMahyth 0 7 0 0 247 1 161585 186 
Kosmo 0 26 0 2 272 91 1346740 1446 
Isuckalot 0 0 0 0 18 0 26168 27 
Clowd 0 0 0 0 4 0 21252 21 
Aggo 0 41 0 2 675 3 463938 517 
Syval 2 1175 10 16 3340 139 680503187 680789 
Jhaltor 0 0 0 0 24 5 1553740 1560 
Solemn 9 7161 9 13 549 424 102710472 103666 
Lex 0 0 0 0 25 0 29400 31 
Istvan 0 485 0 2 826 24 10734312 10868 
Ludi 0 2662 0 22 810 83 27215367 27425 
Ichor 8 1279 7 37 1345 90 15324679 15224 
Ikol 2 511 21 25 2186 154 175071068 174935 
Peeves 0 8 0 2 361 1 192995 209 
Bizl 0 0 0 0 9 1 24144 25 
Kayn 0 0 0 0 1 0 10376 10 
Neysa 64 4210 52 33 2608 539 153241883 153543 
Willow 0 9 0 0 129 2 70398 84 
Rohan 0 1 0 0 87 0 10459 18 
Maelstrom 0 0 0 0 1 0 10388 10 
Crazed 14 2701 0 5 416 142 88111016 88556 
Sigh 0 0 0 0 1 0 10384 10 
Mirror 0 276 0 2 341 2 819344 862 
Nietzsche 0 1188 0 11 685 46 33763799 33885 
Draven 3 222 2 15 271 1230 91946897 93054 
Denarra 1 2451 4 9 1813 1374 571358866 573011 
Racetest 0 0 0 0 19 0 17276 18 
Tiara 0 0 0 0 4 0 20904 20 
Xvenx 0 493 0 7 819 31 8283509 8374 
Stalin 0 494 0 0 361 7 277149 369 
BuggaMan 0 0 0 0 6 0 21408 21 
Yawn 0 0 0 0 6 0 21532 21 
Kairesh 0 1055 0 8 520 14 1876767 1967 
Eleithel 79 2832 84 181 3017 523 126954700 125228 
Rania 0 0 0 0 73 0 37448 44 
Majeek 0 0 0 0 13 0 24136 25 
Monkboy 0 0 0 0 4 0 17296 17 
Humongus 5 5138 4 0 1116 15814 -2126361508 -2109968 
Ronin 6 783 3 14 657 241 119942313 120159 
Taffloch 0 0 0 1 77 0 51138 48 
Calavera 0 649 0 4 414 13 1522863 1600 
Tatsu 0 313 0 0 502 7 416 88 
Ashlyn 0 34 0 2 526 16 646994 697 
Blacknight 49 15029 47 119 12408 1312 1650138903 1652444 
Reina 0 49 1 6 475 17 36441343 36434 
Chay 0 26 0 0 1 0 416 2 
Basically 1 154 1 0 182 3 1837975 1861 
Jezreal 0 63 0 0 122 3 214394 235 
Cyd 0 0 0 0 32 0 22068 25 
HellsSatan 0 0 0 0 22 0 18624 20 
Sklar 0 291 0 0 1 49 420 78 
Merciless 7 1620 6 7 448 159 125631285 125857 
Chasten 1 98 1 2 30 14 1386849 1380 
Euryna 1 1664 1 21 203 284 68812369 69060 
Heidegger 0 1154 0 0 609 14 1213124 1402 
Morganbella 0 0 0 0 17 0 27624 28 
Monica 0 62 0 1 498 9 1032548 1086 
Lowbieguy 0 0 0 0 2 0 10752 10 
Araine 0 1 0 1 352 4 474553 503 
Hyrkli 0 0 0 0 6 0 12280 12 
Ezekiel 0 0 0 0 20 0 26740 28 
Oblivion 0 4 0 0 37 0 24580 27 
Kastagir 1 161 6 1 61 85 1336 11 
Vampyre 0 9 0 0 92 0 56820 65 
Tsukasa 0 0 0 0 134 0 84844 97 
Skye 0 5 0 2 428 2 183717 207 
Azrael 0 870 0 7 893 59 113495621 113660 
Faramir 0 253 0 0 59 1 0 31 
Haldir 0 648 0 4 545 9 416 87 
Arwen 0 134 0 0 91 1 1552204 1575 
Icenith 0 0 0 0 1 0 10420 10 
Redrum 0 11885 0 9 637 209 0 1370 
Nikomedes 0 0 0 0 76 0 98707 105 
Zanza 6 898 0 3 2164 1591 -1805348724 -1803464 
Tarbu 1 0 1 0 1 9 416 -3 
Flosh 0 12 0 1 96 0 52355 52 
Regret 0 2376 0 7 1151 34 15208444 15524 
Rika 0 784 0 0 544 10 2883011 3025 
Elana 0 1 0 0 123 0 112074 124 
Raptor 0 219 0 2 17 5 2245380 2252 
Falcor 0 11 0 0 3 0 1350876 1351 
Renge 0 0 0 0 12 5 27137 33 
Phobos 0 0 0 0 17 3 28800 32 
Starlight 0 912 4 13 1108 54 404 65 
Sludge 0 235 0 0 651 13 6725716 6826 
Peropero 0 271 0 3 652 19 3498447 3579 
Ignore 0 0 0 0 5 0 21400 21 
Gunk 0 0 0 1 18 0 26412 17 
Aylindicia 0 0 0 0 7 0 396 0 
Ratava 0 229 0 0 71 0 1092400 1121 
Zosark 0 0 0 0 19 0 17372 18 
Litath 0 0 0 0 23 0 28744 30 
Poopdeck 0 0 0 0 1 0 10376 10 
Vivisection 0 0 0 0 1 0 10376 10 
TombRaider 0 0 0 0 1 0 10384 10 
Silvertongue 0 7 0 0 664 3 399880 468 
Isidious 0 0 0 0 1 0 10388 10 
Andriel 0 426 0 4 648 13 3606152 3685 
Longolia 0 624 1 28 1946 92 1840335 1893 
Atestchar 0 0 0 0 2 0 10728 10 
Darkbat 0 4 0 1 180 1 152407 161 
Ttestchar 2 2703 4 16 11185 525 -2029958576 -2028259 
Gmelin 0 2 0 1 39 0 25745 18 
Insidious 0 145 0 0 541 7 487822 562 
Gimlii 0 2 0 0 28 0 31300 33 
Rash 1 2 1 1 209 0 122465 120 
Deviona 0 123 1 1 600 19 12149729 12215 
Frawd 3 1421 4 9 1 86 416 87 
Ftestchar 3 3005 0 1 2150 115 106085659 106714 
Jeiffar 0 0 0 0 1 0 10420 10 
Phantos 27 2913 94 27 2850 231 1610552407 1609760 
Villypoh 73 8198 22 26 5840 305 -2107952062 -2106615 
Vilser 0 7 0 0 340 2 164852 200 
Revaer 8 3939 4 15 2085 197 714800063 715412 
Vroathguy 0 0 0 0 1 0 10400 10 
Zio 0 19 0 0 3 16 848 17 
Gollum 16 757 13 16 164 162 93552294 93498 
Apostle 0 0 0 0 1 0 10408 10 
Khaze 0 58 0 19 1725 33 460636025 460656 
Kemnas 0 0 0 0 1 0 10420 10 
Fausha 0 0 0 0 1 0 10376 10 
Twindragon 0 0 0 0 1 0 10388 10 
Groie 0 0 0 0 54 0 70193 75 
Groia 0 0 0 0 5 0 11940 11 
Kip 0 0 0 0 69 0 100945 106 
Ergon 0 0 0 0 9 0 13564 13 
Fireman 0 40 0 1 295 9 364544 396 
Elric 1 306 1 22 315 117 53004522 52950 
Komar 0 0 0 0 2 0 10768 10 
Groic 0 0 0 0 54 0 74592 79 
Groib 0 0 0 0 55 0 75905 80 
Groin 0 0 0 0 5 0 11960 11 
Ginger 95 1295 86 21 5430 184 1761608271 1761249 
Dumbass 6 1745 23 27 1930 91 107271571 107132 
Clerictester 0 0 0 0 1 0 -1074984145 -1074984 
Idaya 0 28 0 2 196 6 212353 219 
Cervantes 0 154 0 0 229 1 290175 328 
Margon 0 0 0 0 1 0 10380 10 
Blackout 79 1174 1 0 251 89 31099362 31552 
Powerhouse 0 2 0 1 69 0 79634 75 
Maugrim 29 4431 70 165 6984 520 931381149 930429 
Liranan 0 8 0 0 297 2 1063194 1094 
Raiden 0 0 0 0 1 0 10400 10 
Astos 0 3 0 0 174 2 843738 862 
Klag 0 0 0 0 12 0 24948 25 
Oingo 0 76 0 0 276 6 1825753 1865 
Zib 0 0 0 0 12 0 23784 24 
Possum 13 11161 8 31 11558 2766 198329262 202975 
Upir 0 7 0 0 38 0 34231 37 
Needlz 0 0 0 0 2 0 10760 10 
Cill 0 0 0 0 11 0 1021768 1022 
Ruby 0 732 0 1 1 20 416 83 
Julie 0 3 0 0 203 6 2685113 2711 
Heymonkey 0 19 0 5 367 7 773899 767 
Tseng 0 9 0 7 175 6 123417 76 
Blain 0 532 0 2 676 33 8637929 8770 
Watoni 0 19 0 0 32 0 23509 27 
Gatorade 11 2945 6 4 2233 139 97238517 97797 
Wretched 0 40 0 0 74 3 54002 68 
Opulis 0 0 0 0 1 0 10416 10 
Bubbus 0 0 0 0 27 0 29968 31 
Aiden 0 934 0 2 600 24 30744925 30901 
Areli 0 0 0 0 1 0 10404 10 
Azariel 0 0 0 1 72 0 45984 42 
Klosty 0 29 0 1 211 1 154715 168 
Legoman 0 0 0 0 27 0 30176 32 
Zephar 0 8 0 0 40 0 62742 66 
Damatos 0 0 0 0 26 0 20608 22 
Zelton 0 9 0 1 43 0 54448 48 
Selest 1 83 1 1 76 0 94891 87 
Balrik 78 1024 9 16 91 540 424 590 
Ekpheh 0 0 0 2 23 0 18540 0 
Ronso 0 26 0 1 157 3 95497 105 
Krul 0 0 0 0 33 0 79540 82 
Sin 0 4 0 0 154 0 130567 145 
Hatred 0 710 1 12 1757 44 186045463 186200 
Carson 0 0 1 0 4 0 8844 -7 
Kenthor 2 3387 4 21 844 282 189658421 190098 
Huffer 0 0 0 0 64 0 98076 104 
Wexan 0 0 0 0 1 0 10380 10 
Boltherium 0 18 0 11 549 21 6929342 6895 
Kalli 0 0 0 0 165 1 107557 124 
TalRasha 0 0 0 0 37 0 35398 38 
Cinder 1 948 1 8 816 34 38514012 38631 
Yuni 0 0 0 0 19 0 17676 18 
Ploftyn 0 0 0 0 15 0 15640 16 
Myicwzxovv 0 0 0 0 16 0 15952 16 
Rataman 0 4 0 0 35 0 23176 26 
Jodar 2 1136 9 20 587 193 125219548 125254 
Rild 114 9046 44 199 10830 1032 1413829098 1414540 
Dermot 0 2760 3 8 1094 174 380 434 
Niamh 10 1155 18 23 871 348 83244018 83324 
Skyler 3 4196 3 15 153 934 428 1182 
Vorcen 0 1036 1 9 521 67 47069281 47186 
Raze 0 0 0 0 5 3 792 3 
Mikalai 0 0 0 0 4 0 22180 22 
Gnuffler 0 0 0 0 1 0 10408 10 
Farstench 0 36 0 0 394 2 2756827 2800 
IythA 0 0 0 0 1 0 10396 10 
Garet 0 29 0 2 302 0 224739 236 
Krynthrest 0 0 0 0 20 0 17680 19 
Defiler 0 9 0 0 188 0 120752 138 
Grubs 0 0 0 0 1 0 10376 10 
Saber 0 238 0 0 47 5 1239242 1271 
Roland 8 1941 0 32 2313 212 242484117 242825 
Reacio 0 0 0 0 63 1 57212 64 
Ugow 0 32 0 2 598 8 54957369 55007 
Bibos 0 0 0 0 26 0 19672 21 
Silvermoon 0 50 0 7 477 6 1918822 1906 
Supremacy 0 0 0 0 1 0 10420 10 
Subjugator 0 0 0 0 1 0 10388 10 
IythTuuk 0 36 1 1 471 9 27848476 27882 
Jozea 0 11 0 0 213 1 158552 181 
Weinert 0 0 0 1 7 0 22680 12 
Twysted 0 0 0 0 29 0 31324 33 
Salman 10 1567 76 23 275 320 49328414 48491 
Jigga 0 0 0 0 1 0 10392 10 
Irjaas 0 0 0 0 1 0 10380 10 
UnBob 0 0 0 0 1 0 10400 10 
Ninnuam 0 0 0 0 10 0 24420 25 
ThiTri 0 0 0 0 3 0 11236 11 
Rellik 0 0 0 0 4 0 11568 11 
Neekom 0 0 0 0 6 0 22276 22 
Ramso 0 0 0 0 1 0 10396 10 
Soukul 0 2 0 0 91 0 55882 64 
Serenity 0 12 0 0 63 1 34742 42 
Vindaer 0 0 0 0 1 0 10388 10 
Malicent 0 0 0 0 4 0 11584 11 
Razzly 1 442 0 9 1017 42 133008052 133108 
Roufquare 0 2 0 0 161 0 83742 99 
Nephi 0 0 0 0 9 0 23464 23 
Garap 0 0 0 0 7 0 22800 22 
Gbatr 0 0 0 0 5 0 22120 22 
Galaw 0 0 0 0 9 0 13528 13 
Circe 0 7 0 0 2 0 416 0 
ClodSkull 0 10 0 0 281 2 121224 152 
Pib 0 0 0 1 78 0 31974 28 
Loath 0 0 0 0 1 0 10400 10 
Temor 0 0 0 0 154 0 101764 116 
Vex 2 1848 3 5 536 85 59224925 59457 
Kaywhy 0 0 0 0 34 0 83600 86 
Bujei 0 0 0 0 55 0 87900 92 
LightsBane 78 10931 207 145 2343 1893 118210011 117109 
Zenia 0 138 0 0 523 6 322372 393 
Forsberg 0 0 0 0 1 0 10420 10 
Gigglypoof 0 0 0 0 1 0 10372 10 
Shitpipe 0 0 0 0 1 0 10372 10 
Jesus 0 0 0 0 1 0 10420 10 
Endwin 0 13 0 1 72 0 69772 67 
Ketchup 1 1277 1 9 1229 35 55529256 55711 
Shinji 0 149 1 0 602 6 9166556 9231 
Desiree 1 602 3 9 1085 65 44223246 44324 
Grimtar 22 9865 1 12 3656 226 1876339548 1877847 
Ananke 0 77 0 0 2 2 416 9 
Melanchly 0 4 0 2 382 149 899016 1066 
Moogley 0 0 0 0 4 0 -2147472049 -2147472 
Garvax 0 0 0 0 163 0 120905 136 
Kuja 9 403 11 5 1009 23 0 -25 
Solarious 0 872 0 15 1180 84 324980665 325119 
Meggido 0 0 0 0 16 0 25744 26 
Crang 0 0 0 0 2 0 10760 10 
StarFury 0 1209 0 1 77 38 6179596 6334 
Murmy 0 0 0 0 11 0 23968 24 
Murmur 0 804 0 4 62 55 24883560 24984 
Couilles 0 8 0 0 247 0 298835 322 
Lagarito 0 2 0 0 127 1 202737 215 
Boromir 0 118 0 0 70 0 1086400 1104 
Brainus 0 0 0 0 39 0 1083280 1086 
Pirulo 0 20 0 0 58 1 400 8 
Memememe 0 5 0 0 30 1 31800 35 
Alexi 0 0 0 0 11 0 14400 15 
Althea 0 119 0 5 499 14 6720222 6744 
Ugorth 0 0 0 0 243 0 272001 296 
Xiron 62 4134 16 15 851 381 832 675 
Bomag 0 0 0 0 2 0 10800 10 
Ultron 2 7 2 1 120 0 100896 78 
Curd 0 394 2 5 111 32 8730738 8732 
Nuu 0 391 1 1 727 20 4218282 4324 
Ash 0 1083 1 5 584 31 8499107 8631 
Mercurio 0 3 0 0 246 0 239478 263 
Zam 0 2 0 0 38 0 35212 38 
Luna 0 1059 2 14 1589 83 87413122 87589 
Xris 0 0 0 0 110 0 61822 72 
Elfidan 0 0 0 0 1 0 10412 10 
Mayagi 0 391 0 2 638 12 18755734 18849 
Nebachanezer 1 301 6 23 1315 60 41746416 41650 
Amakuza 0 0 0 0 1 0 10380 10 
Luggard 0 12 0 0 67 0 44800 51 
Chinchilla 0 0 0 0 4 0 20904 20 
Magistic 0 0 0 0 9 0 13348 13 
Rogue 0 0 0 0 1 0 10376 10 
Vibe 0 4 0 7 1564 9 2760031 2855 
Silenze 0 0 0 0 5 0 11960 11 
Mafesto 0 0 0 1 59 0 43836 38 
Newbiekid 0 0 0 2 42 0 35260 19 
Carrot 0 716 0 5 546 14 428 89 
Phormio 0 558 1 3 210 21 424 52 
Maudit 0 0 0 0 1 0 10392 10 
Lickp 0 0 0 0 10 0 15940 16 
Iverathslave 0 4 0 0 35 0 32821 35 
Gormadoc 0 190 0 2 294 4 4171709 4203 
Iduno 1 3 1 0 186 1 236676 243 
Effigian 0 0 0 1 9 0 23500 13 
Wolfwere 0 0 0 0 1 0 10372 10 
Gezen 0 8 0 0 28 0 20647 22 
Slay 0 22 0 0 113 0 67337 80 
Saren 0 189 0 15 857 20 634160 607 
Nooc 0 0 0 0 11 0 24300 25 
Bahnam 0 0 0 0 35 1 34272 38 
Doral 0 0 0 0 8 0 23068 23 
Shell 0 15 1 0 186 3 91812 98 
Mylo 0 0 0 0 26 0 30196 32 
Dingle 0 0 0 0 2 0 10768 10 
Aylssa 0 0 0 3 139 15 87568 85 
Oftshesa 0 0 0 0 1 0 10388 10 
Trysen 0 0 0 0 2 0 10776 10 
Nudra 0 1 0 2 68 0 100494 86 
Livingalife 0 8 0 9 101 4 74456 -2 
Mortus 18 1343 13 34 2359 184 684437204 684509 
Spyke 0 432 0 12 1192 58 4271145 4371 
Drahm 0 6 0 1 129 1 70949 73 
Valmont 2 678 9 29 1629 64 34544444 34418 
Garret 0 123 0 4 662 13 1859154 1910 
Spilla 0 8 0 0 70 0 47197 54 
Winter 0 187 0 1 0 6 0 14 
Trumpethead 0 0 0 0 36 0 85144 88 
Rufus 0 0 0 0 73 0 83222 90 
Solaar 0 0 0 0 105 0 50740 60 
Smachin 0 129 0 5 710 7 678730 718 
DrDeath 0 1 0 0 21 0 408 2 
Kaeleb 74 1046 88 91 1757 486 170968294 169725 
Treeman 0 0 0 0 9 0 23056 23 
Asagi 0 0 0 0 2 0 10752 10 
Wsaenotsock 0 0 0 0 1 0 10408 10 
Radiance 0 32 0 2 282 2 176237 189 
Liandra 0 0 0 0 26 0 29176 31 
Teiresias 0 0 0 0 35 0 18329 21 
Lizardo 0 0 0 0 48 0 37156 41 
Armand 0 0 0 0 39 0 33808 36 
Morien 0 0 0 0 1 0 10388 10 
BobTest 0 0 0 0 8 0 18665 18 
Ixidor 0 2 0 0 111 0 53967 64 
Duder 0 0 0 0 40 0 84480 88 
Moonglum 0 843 0 4 28 39 30931784 31016 
Tuster 0 0 0 0 46 0 88400 92 
Tostes 0 0 0 0 31 0 79504 82 
Testes 0 0 0 0 31 0 83124 86 
Metheria 1 68 1 0 108 0 87436 91 
Xslayer 0 0 0 0 18 0 27544 28 
Dai 0 0 0 0 11 0 14576 15 
Notfinn 3 1692 14 26 2710 292 643786515 644057 
Monkykiller 0 30 0 3 156 4 119234 111 
Lawless 0 0 0 0 68 0 47632 53 
Roadlover 0 0 0 0 10 0 15640 16 
FairyDust 0 0 0 0 195 2 496355 517 
Kringer 0 0 0 0 52 0 80092 85 
Grimbash 1 10 1 0 109 0 51808 50 
Raine 0 34 0 4 0 9 0 -28 
Nemo 0 0 0 0 69 0 76924 82 
Phil 0 0 0 0 1 0 10408 10 
Fliptard 0 0 0 0 1 0 10372 10 
Blahblah 0 0 0 0 59 4 38835 47 
Araolin 0 0 0 0 1 0 10292 10 
Gonad 0 0 0 0 24 0 29208 31 
Ashlen 0 206 0 0 40 3 941332 968 
Never 0 0 0 0 2 0 800 0 
Klyde 0 0 0 0 8 0 13200 13 
Morpheis 0 922 1 8 778 27 768 101 
Hermione 0 0 0 0 27 0 975508 977 
Deathknight 0 0 0 0 93 0 65998 74 
Flex 0 338 0 0 302 7 7055898 7125 
Woot 0 16 0 0 129 1 303807 317 
Ff 0 0 0 0 1 0 10372 10 
Odessey 0 7 0 1 426 7 468269 507 
Kaywyn 0 2 0 0 421 2 295452 339 
Thryn 0 23 0 1 243 3 213078 232 
Bastion 0 0 0 0 1 0 10412 10 
Ignite 0 0 0 0 4 0 20904 20 
Kerrick 1 436 1 15 1 48 412 -71 
Halogen 0 0 0 0 2 0 10792 10 
Sigurd 0 383 0 3 2 192 416 200 
Bragi 1 5988 1 31 135 993 384 1282 
Wotan 0 943 0 7 26 170 428 196 
Tlaloc 1 643 3 63 122 369 840 -227 
Maugrin 0 3 0 0 34 1 22937 26 
Gregg 0 1497 0 5 666 54 30505639 30724 
Phoebe 0 0 0 0 1 0 10372 10 
Zerwanker 0 0 0 0 4 0 21600 21 
SmileyJoe 1 0 1 0 55 0 52936 45 
Rapsody 0 0 0 0 32 8 776637 787 
HellBlade 26 1546 10 6 160 92 19389276 19519 
Garrote 16 6243 12 19 21 601 92777572 93682 
Testtesttest 9 3752 31 61 3053 312 441630594 441574 
Murdocina 9 3752 31 61 3053 312 441630594 441574 
Sugarpoof 9 3752 31 61 3053 312 439617987 439561 
Xero 0 0 0 0 79 1 76340 84 
Kaspar 0 572 0 0 1088 71 680536604 680772 
Fafner 16 12065 2 12 3385 338 1174262758 1176042 
Eatthisswede 0 0 0 0 1 0 10420 10 
Sativa 0 0 0 0 9 0 23464 23 
Deadpool 0 136 0 0 179 1 784 31 
Bernie 0 493 18 21 1978 133 181164611 181063 
Nancyboy 4 9 4 2 627 0 705197 699 
Fisted 4 9 4 2 627 0 705197 699 
Eznoob 4 9 4 2 627 0 705197 699 
Fistintheass 4 9 4 2 627 0 705197 699 
Banjin 0 412 0 7 482 16 676630 711 
Feldspar 4 2312 4 14 124 185 41177040 41417 
Kenjiro 0 0 0 0 32 0 1106624 1109 
Breakme 0 0 0 0 11 0 23536 24 
Thistle 0 0 0 0 3 0 1350492 1350 
Vapor 0 0 0 0 2 0 800 0 
Javovosaur 0 0 0 0 38 0 73244 76 
Jakovasaur 0 0 0 0 17 0 27136 28 
Samaria 0 0 0 0 1 0 10384 10 
Blyhblyh 0 0 0 0 8 0 22804 22 
MratNa 0 0 0 0 1 0 10364 10 
Irgin 0 0 0 0 1 0 10388 10 
Damo 0 0 0 0 1 0 10364 10 
Lotri 0 43 0 1 178 3 95229 109 
Demoniceye 0 66 11 4 136 11 74453 -101 
Clubfoot 0 0 0 0 1 0 10376 10 
Quicktard 0 0 0 0 1 0 10380 10 
Ixiragnarok 0 0 0 0 1 0 10404 10 
Syramus 0 0 0 0 1 0 10412 10 
Solo 50 810 12 9 655 260 201811473 202097 
Bloob 0 0 0 0 1 0 10392 10 
Agent 0 13 0 1 394 1 364767 395 
Jobo 0 0 0 0 1 0 10408 10 
Emmanuel 0 835 14 37 1606 55 29302549 29020 
Aber 1 58 1 0 181 0 95559 106 
Bluhbluh 0 0 0 0 90 1 48124 58 
Etrius 0 1 0 1 209 1 127674 138 
Iconz 0 12 0 0 37 0 0 4 
Minuet 0 0 0 0 107 0 107800 117 
Thynomalis 0 0 0 0 84 0 125448 133 
Donut 0 0 0 0 59 0 64776 69 
Io 0 0 0 1 217 2 139577 152 
MrGaunt 1 629 7 0 1 7 424 -33 
Nothin 0 0 0 0 1 0 10372 10 
Bobhipster 0 0 0 0 8 0 23068 23 
Savn 0 0 0 0 1 0 10404 10 
Gazagrel 0 48 0 5 494 9 1876650 1888 
Calipso 0 0 0 0 116 0 146084 157 
Liannon 0 1 0 0 129 0 126725 138 
Bryn 0 0 0 0 489 4 8190 60 
Soma 0 12 0 0 301 1 371175 403 
Kane 0 5 0 0 0 0 0 0 
Et 0 32 0 0 69 0 412 9 
Skyrich 0 2 0 0 50 0 57603 62 
Ophidion 0 0 0 0 6 0 22152 22 
Linkin 0 219 0 1 51 7 4872967 4895 
Nooobody 0 0 0 0 17 0 16460 17 
Daggermind 0 48 0 1 1 2 400 -4 
Valikrye 0 0 0 1 6 0 12252 2 
Asstest 0 0 0 0 96 0 55496 64 
Wartest 0 0 0 0 1 0 10384 10 
Minax 0 0 0 0 4 0 22180 22 
Coralynn 7 1480 46 21 1690 149 132807057 132394 
Paltest 0 0 0 0 17 0 16392 17 
Pallytest 0 0 0 0 18 0 27888 28 
Labowski 0 0 0 0 1 0 10396 10 
Lazerus 0 0 9 0 16 0 25908 -109 
Noobody 0 3 0 5 174 3 95576 65 
Pandora 0 0 0 0 69 0 600129 606 
Karnage 0 556 1 1 873 33 416 150 
Galadan 0 0 0 3 73 0 34229 11 
Gereint 0 0 0 0 1 0 10372 10 
HappyBunny 0 0 0 0 1 0 10388 10 
WordOfMouth 0 0 0 0 8 0 22804 22 
Mittens 0 0 0 0 45 1 54827 59 
Booboo 0 0 0 0 1 0 10388 10 
Wycked 0 250 0 2 2 7 832 12 
Migman 2 1 2 0 110 0 125192 112 
Vaetra 0 0 0 0 93 0 106552 115 
Zaays 0 0 0 0 5 0 21640 21 
Deathsbane 0 1 0 2 253 10 355072 370 
Vexed 0 1 1 0 111 0 67555 63 
Trojen 0 0 0 0 19 0 27072 28 
Calos 0 0 0 0 1 0 10396 10 
Snyth 0 0 0 0 1 0 10404 10 
Vampy 0 0 0 0 1 0 10400 10 
Andrewn 0 1 0 1 111 1 67434 69 
Cabe 0 0 0 0 36 0 24400 27 
Entropy 7 1141 5 2 587 87 416 185 
DreamRaped 0 0 1 0 115 5 75678 76 
Zeraeka 8 5 0 0 448 342 1622487 2032 
Honey 0 8 0 1 287 3 168657 189 
Redoran 0 39 0 0 126 1 146722 162 
Aidenia 0 0 0 0 19 0 27600 28 
Poxpo 0 0 0 0 2 0 10840 10 
Lavan 0 0 0 1 98 2 56640 57 
Imsotired 0 0 0 0 11 0 24400 25 
Imtired 0 0 0 0 2 0 10808 10 
PootyKing 0 0 0 0 2 0 10792 10 
Bobert 0 0 0 1 60 1 32460 29 
Abboud 5 4759 9 91 3806 1260 424 1085 
Hina 0 36 0 0 305 1 260187 294 
AstroPunch 0 0 0 0 33 4 31576 38 
PipSqueak 8 2274 0 3 1286 296 51191679 51836 
Astroz 0 0 0 0 15 2 26320 29 
Ademas 0 104 1 13 1166 20 13477495 13478 
Phendar 0 9 0 0 344 2 351947 387 
Lesara 0 26 0 0 531 33 40723238 40811 
Dewphus 1 232 1 4 635 22 10228272 10284 
Phaze 0 6 0 0 316 1 682670 714 
Camo 0 0 0 0 4 0 11648 11 
Ratasha 0 10 0 1 62 0 1005402 1002 
Belati 0 0 0 0 1 0 10392 10 
Lork 0 0 0 0 14 0 24508 25 
Drone 98 1560 44 33 370 589 87963440 88049 
Qualand 42 4091 31 16 596 368 126970656 127307 
Driggs 0 0 0 0 2 0 10808 10 
Miju 0 0 0 0 1 0 10400 10 
Cameron 0 181 0 0 158 2 150084 185 
Pigpen 1 0 1 0 64 1 43108 38 
Suicide 0 0 0 0 1 0 10396 10 
Xenoth 0 0 0 1 71 0 46500 43 
Kiinya 0 3 0 1 61 1 1083871 1080 
Sain 0 2 0 0 366 1 319972 356 
Flint 0 91 0 4 409 8 2718072 2735 
Rakoth 0 0 0 0 10 0 13800 14 
Sathain 0 19 0 7 507 8 10419747 10408 
Spite 0 16 0 1 107 2 367057 370 
Brakiss 0 0 0 0 66 0 37308 43 
Soujiro 0 0 0 0 119 0 55220 66 
Saito 0 71 0 7 738 20 3984291 4014 
Radishface 0 0 0 0 1 0 10404 10 
Siranos 0 0 0 0 18 0 17272 18 
Moomoo 0 0 0 0 20 0 27100 29 
Calmatri 0 18 0 0 89 0 56291 65 
Beto 0 0 0 0 6 0 12256 12 
Lytle 0 0 0 0 1 0 10400 10 
Lyko 0 0 0 0 1 0 10364 10 
Dekan 0 655 0 1 485 22 14289552 14414 
Dustinxx 0 0 0 1 64 0 65844 61 
Fireguy 2 1044 19 15 1062 40 4831264 4652 
AnotherAlt 0 0 0 0 1 0 10396 10 
AstroAgain 0 0 0 0 1 0 10400 10 
Deverdell 0 0 0 0 1 0 10376 10 
Slaad 0 4 0 0 69 0 47245 53 
Blacknights 0 0 0 0 1 0 10404 10 
Tasloi 0 2 0 0 29 0 30531 32 
SuperAstro 0 0 0 0 23 0 28624 30 
Marilith 0 7 0 0 260 3 302885 331 
BlancoNino 0 0 0 0 4 0 21600 21 
Pookie 0 0 0 0 1 0 10384 10 
Shells 0 0 0 0 1 0 10408 10 
Stier 0 0 0 2 198 9 98492 106 
Brighteyes 0 3 0 0 86 1 100643 109 
Escoria 0 0 0 0 8 0 18947 18 
Kendor 0 5 0 1 2 8 416 -2 
Aramir 0 353 1 8 266 22 970010 958 
Darknight 1 310 1 5 1 124 404 93 
Sanchez 0 0 0 0 4 0 20788 20 
Bink 0 0 0 0 2 0 10752 10 
Crazyman 0 0 0 1 5 0 11860 1 
Imacreep 0 0 0 0 4 0 11584 11 
Iamsocool 0 0 0 0 9 0 13708 13 
Dustinzz 0 0 0 0 1 0 10404 10 
Mrpanx 0 2 0 0 115 1 88105 100 
Kryndor 157 3487 28 24 1430 697 301367009 302366 
Zodiac 0 364 0 0 505 6 2488200 2580 
Nos 0 2 0 1 120 0 185453 187 
Chronos 45 1038 21 5 418 270 129224637 129408 
Vehement 0 30 0 0 95 0 82882 94 
Bryagh 0 144 1 2 714 18 43889514 43957 
Lunarian 0 1651 2 6 1561 97 520810221 521138 
Zheros 0 2 0 0 149 0 73455 87 
Ojobe 0 5 0 0 104 0 60738 70 
Zurim 0 4 0 2 203 1 123954 124 
Runar 0 0 0 1 126 0 76248 78 
Ublowdogs 0 0 0 0 1 0 10388 10 
Sangreum 0 0 0 0 8 0 22544 22 
Calamity 0 0 0 0 2 0 10808 10 
Wrinn 0 0 0 0 3 0 11116 11 
Oro 284 1383 193 38 424 16316 146146616 160219 
Mahal 0 10 0 0 239 0 187834 211 
Nix 0 15 0 0 28 2 1558742 1563 
Tylerh 0 0 0 3 21 0 26812 -2 
Swig 0 2 0 0 315 0 232490 263 
Keja 0 73 0 0 418 3 1141200 1192 
Dakeru 0 509 0 2 473 29 3374700 3480 
Jarreth 0 0 0 0 1 0 10416 10 
Meigol 0 2 0 0 110 0 51811 62 
Haunted 0 0 0 0 1 0 10380 10 
Bichronos 2 1215 3 6 1909 54 420 266 
Rivaldo 0 0 0 0 1 0 10384 10 
Yvei 0 0 0 0 163 1 106660 123 
Spindle 0 0 0 0 38 0 25048 28 
Bilbo 94 2896 31 13 1334 195 46947500 47251 
Vilus 0 0 0 0 17 0 16768 17 
Dumer 0 0 0 0 4 0 11664 11 
Amaryllis 2 3504 3 133 5888 279 137466906 137314 
Dartagan 0 0 0 0 63 0 75309 81 
Scum 0 969 0 3 803 24 5015000 5185 
Torc 0 0 0 0 36 0 23392 26 
Grotor 0 0 0 0 5 0 22120 22 
Charmer 0 0 0 0 7 15 12884 27 
Klamp 0 7 0 2 108 1 52278 43 
Makalai 0 0 0 0 32 0 32572 35 
Thall 0 0 0 0 1 0 10376 10 
Filbert 0 0 0 0 15 0 25840 26 
Ohm 0 5 0 0 234 0 127538 150 
Lobo 1 244 0 0 702 13 21955306 22065 
Lithen 0 5 0 4 549 1 516304 531 
Atrok 0 0 0 0 1 0 404 0 
Aeneas 0 102 0 2 1 1 428 -9 
Xven 0 32 0 2 223 0 144284 149 
Cliff 0 0 0 0 176 0 138978 155 
Nieraat 0 1 0 0 35 0 33765 36 
Venx 0 3 0 2 169 1 74007 71 
Stryde 0 0 0 1 21 0 27105 19 
Beridel 0 0 0 0 1 0 10404 10 
Dagor 0 36 0 0 159 0 103670 121 
Crossx 0 12 0 1 181 0 127189 136 
Skyx 1 83 1 0 304 3 215678 244 
Svyal 2 1095 6 11 3067 113 1313725618 1314059 
Shadowx 0 5 0 1 88 1 69751 68 
XrufflesX 0 12 0 0 93 0 54192 64 
Kite 0 2 0 1 84 3 98846 99 
Rascalx 0 0 1 0 37 0 35048 23 
Zartharien 0 10 0 0 120 0 68565 81 
Nanticki 0 8 0 0 23 0 28649 30 
Cait 0 0 0 0 80 0 55080 63 
Thibodeeau 0 9 0 2 76 0 50268 37 
Scourge 0 0 0 0 7 0 21904 21 
Xravenx 0 43 0 2 257 2 128445 139 
Bismark 0 0 0 0 7 0 23184 23 
Klock 0 6 0 1 34 0 60875 53 
Silky 0 0 0 0 8 0 22936 22 
Killa 0 0 0 0 24 0 19289 21 
Drevlak 0 3 0 1 79 0 64045 61 
Oznog 0 0 0 0 1 0 10404 10 
Koushirou 0 1 0 2 175 4 104010 105 
Carpocalypse 2 1081 6 34 2701 102 125610300 125666 
Skeletor 0 0 0 0 22 0 18712 20 
Bodygaurd 0 0 0 0 37 0 34468 37 
Shifty 0 0 0 0 9 0 15824 15 
Xpanx 0 0 0 0 23 0 18832 20 
Swineherd 0 0 0 0 1 0 10396 10 
Taurus 0 0 0 0 86 2 92612 102 
Violentx 0 1 0 1 47 0 40730 34 
ShadowRaven 0 0 0 0 49 0 57821 61 
Spiderr 0 0 0 1 31 0 31875 24 
Lick 0 54 0 0 242 3 144728 176 
Hooker 0 0 0 0 24 0 29170 31 
Kicka 0 1 0 0 99 0 109811 118 
Tocharaeh 0 0 0 0 7 0 12716 12 
Maedhros 0 606 0 1 148 9 1458575 1531 
Caerdan 0 586 0 3 122 4 1223217 1267 
Czhadow 0 0 0 0 3 0 1080500 1080 
Neko 0 0 0 0 1 0 10408 10 
Spittle 0 1 0 1 37 0 31567 24 
Siiiil 0 0 0 0 18 0 25981 26 
Slicka 0 32 0 4 281 2 173805 166 
Sulicka 0 1 0 0 32 0 22805 25 
Parsifal 0 53 0 2 516 6 564988 606 
Flick 0 0 0 0 2 0 10752 10 
Murdo 0 154 0 0 0 1 0 16 
Wiwi 0 0 0 1 9 0 13248 3 
Electra 0 7 0 2 142 3 240247 237 
Firefart 0 11 0 3 103 1 72099 54 
Fay 0 0 0 0 2 0 10776 10 
Pontius 43 7782 21 16 622 720 420 1214 
Sparkz 0 3 0 0 28 0 31765 33 
Lancelot 0 0 0 0 6 0 21656 21 
Lilika 0 0 0 0 1 0 10384 10 
Miaka 0 491 1 144 6160 235 1944185432 1943630 
Illrael 0 0 0 0 2 0 10800 10 
Mellum 0 0 0 0 1 0 10404 10 
Slath 0 3 0 2 74 2 47444 36 
Battousai 0 347 0 10 410 10 1126397 1111 
Jethro 0 1566 0 4 2 142 380 258 
Jesse 2 3347 7 6 38 260 380 438 
Dorian 3 1608 6 23 2 412 424 261 
Freckyl 4 1605 5 1 177 546 444 650 
Lyla 0 104 0 2 309 10 2337080 2367 
Ippo 0 9 0 0 80 0 54290 62 
Dran 0 903 0 2 847 19 11140085 11313 
Junko 0 0 0 0 4 0 21484 21 
Yesuh 0 0 0 0 28 0 20976 22 
Nichon 0 37 0 0 333 1 216873 253 
Mohl 0 0 0 1 729 1 330254 393 
Sucka 0 1 0 0 17 0 16943 17 
Usagi 0 82 0 0 189 2 116987 144 
WingWong 0 1 0 1 46 0 67046 61 
Tatyana 0 2 0 1 151 0 83583 88 
Nami 0 1 0 0 64 0 93333 99 
Noziroh 1 3 1 1 187 1 92833 89 
Roots 0 2 0 5 100 0 67162 27 
Corbite 0 1155 0 9 1038 51 420 179 
Hamm 0 700 0 1 663 28 420 154 
Daqq 0 118 0 1 222 3 420 26 
Hailstorm 56 5073 40 17 3486 674 317426214 318353 
Therner 0 0 0 0 2 0 10840 10 
Loco 0 0 0 0 1 0 10396 10 
Cyan 0 1 0 2 44 0 26874 10 
Yahzi 0 304 0 2 715 8 1662498 1751 
Solira 0 107 0 3 574 11 1171444 1219 
Tiasssk 0 1 0 2 37 1 34545 18 
Groover 0 127 0 8 770 15 7376349 7400 
Luffy 0 30 0 0 106 0 62333 75 
Turok 0 0 0 0 24 0 18976 20 
Buggy 0 28 1 4 781 6 407713 438 
Huck 0 522 0 3 704 21 832 113 
Grover 2 1876 13 32 1829 171 314449969 314480 
Yamcha 0 762 3 20 1148 67 45374827 45386 
Zarbon 0 342 0 6 958 28 30787837 30884 
Trillon 23 2496 45 38 4618 207 876756899 876687 
Shaggy 0 475 1 3 1507 57 512373205 512582 
Rover 0 1 0 0 89 0 94546 102 
TestMan 0 0 0 0 2 0 10776 10 
Horizan 0 0 0 0 52 1 41352 47 
Connect 0 0 0 0 22 0 18184 20 
Balamore 0 0 0 0 1 0 10400 10 
Itsbanjin 0 0 0 0 22 0 18800 20 
Larasa 0 575 0 4 714 30 13399795 13517 
Damaramu 0 0 0 0 1 0 10384 10 
Garren 0 9 0 0 47 0 66812 70 
Belldandy 0 0 0 0 131 1 66294 80 
Demonight 0 0 0 0 26 0 29584 31 
Sceptre 0 152 0 3 445 8 400 37 
Seifer 0 36 0 0 175 4 408 24 
Ranma 0 334 0 3 143 8 400 25 
Werewolf 0 460 0 7 657 20 380 61 
Darby 0 7 0 1 145 0 75282 79 
Caine 0 16 0 4 598 6 2431457 2457 
Fatal 0 1177 0 1 683 61 145987461 146223 
Qhorin 1 1670 22 17 2916 518 137572957 138051 
Loki 10 330 14 9 255 169 53251926 53208 
IverBitch 0 0 0 0 1 0 10400 10 
Justin 0 0 0 0 1 0 10372 10 
Eatshit 0 0 0 0 2 0 10776 10 
Medan 1 0 1 0 83 0 64708 60 
Gerard 0 0 0 0 1 0 10408 10 
Komp 0 0 0 0 1 0 10400 10 
FuHard 0 0 0 0 4 0 11452 11 
Ez 0 0 0 0 6 0 22152 22 
Jojen 0 0 0 0 127 0 146447 158 
Maelclave 0 0 0 2 40 0 35022 19 
Lionel 0 4 0 1 32 0 33669 26 
Blowme 0 0 0 0 1 0 10384 10 
ShinKai 0 55 0 0 390 2 489018 535 
Blua 0 0 0 0 6 0 12376 12 
Flaura 66 1768 65 48 2901 887 765419161 765515 
Dracula 0 0 0 0 19 0 17676 18 
Valerum 0 0 0 0 5 0 21520 21 
Talim 0 180 0 13 778 27 66201726 66193 
Illrae 0 17 0 0 52 0 39466 45 
Miroku 0 8 0 1 147 1 73879 78 
Link 0 428 0 5 0 35 0 27 
Aioria 0 175 0 0 376 4 421574 479 
Rass 1 0 1 0 8 0 12976 0 
Damoromu 0 0 0 0 29 0 32032 34 
Xala 0 115 0 0 526 4 1132117 1199 
RedEye 0 0 0 0 1 0 10372 10 
Bombebom 0 479 0 1 1465 37 430038708 430258 
Gorm 0 0 0 0 4 0 11680 11 
Defiant 0 0 0 0 7 0 22464 22 
Hayabusa 0 0 0 0 39 2 35171 40 
Shaddam 0 48 0 1 199 0 219382 232 
Fenrihg 0 1 0 0 69 0 47230 53 
Proxima 0 396 0 3 598 11 892663 971 
Shirak 0 0 0 0 42 0 82192 86 
Raythorn 0 22 0 0 522 11 12672043 12737 
Horatio 2 1012 3 4 136 79 51770960 51884 
Taote 0 1 0 0 7 0 12863 12 
Arak 0 2 0 0 208 2 118229 140 
Blackheart 0 350 0 0 200 3 416 58 
Vadth 0 636 0 2 403 14 3153660 3250 
Soulburn 0 706 0 0 452 21 32513707 32649 
Laura 1 493 1 2 430 34 21302762 21396 
Ophidon 0 0 0 0 22 0 27672 29 
Madessa 0 0 0 0 8 0 24744 24 
Blind 0 18 0 0 299 1 157852 188 
Thyrent 0 0 0 0 1 0 10396 10 
Anouk 0 0 0 0 114 0 67570 78 
Scimitar 0 1114 0 0 452 21 7279801 7456 
Evinthar 0 18 0 0 86 0 2036331714 2036340 
Thyroid 0 0 0 0 20 0 26740 28 
Kannon 0 18 0 0 98 0 83752 93 
Kern 0 1135 0 18 1149 25 16838022 16910 
NightHawk 51 12381 60 35 238 773 380 937 
Taldaq 0 0 0 0 6 0 12232 12 
Dharg 3 27 8 1 481 14 47071173 47014 
Orilias 0 0 0 0 1 0 10396 10 
Tailim 0 0 0 0 1 0 10404 10 
Gruto 0 0 0 0 12 0 25096 26 
Mistyjay 0 0 0 0 50 0 71280 76 
Myles 0 0 0 0 1 0 10392 10 
Barristan 0 3146 0 6 940 71 21843836 22262 
Punjab 0 2 0 0 21 0 28042 30 
Meli 0 0 0 0 4 0 21948 21 
Zia 0 0 0 0 1 0 10400 10 
Grorschnab 0 0 0 0 53 1 66765 72 
Newbman 0 0 0 0 4 0 22064 22 
Incognito 0 0 0 0 42 0 36124 40 
Ziggy 23 3435 14 30 378 947 147230651 148116 
Raun 0 0 0 0 1 0 10420 10 
Silas 0 0 0 0 3 0 11176 11 
Yaesiln 0 0 0 0 67 0 49576 55 
Mageofmages 0 0 0 0 18 0 26340 27 
Flangelus 0 0 0 0 3 0 11140 11 
Koldar 0 0 0 0 2 0 10776 10 
Stealking 0 0 0 0 195 0 165399 184 
Ziren 0 0 0 0 3 0 11112 11 
Amdrist 0 0 0 0 1 0 10388 10 
Kazer 0 0 0 0 36 0 32936 35 
Mith 0 0 0 0 1 0 10376 10 
Mully 0 0 0 0 47 0 37936 41 
Cory 0 0 0 0 1 0 10380 10 
Liel 0 1 0 0 68 0 47307 53 
Bilkep 0 294 0 0 343 3 754173 820 
Erinyes 0 14 10 2 393 32 1030342 932 
Lemons 0 14 0 0 132 1 55632 70 
Baldur 0 225 0 0 64 2 412 30 
Krom 1 560 2 4 485 15 840 52 
Zeroth 0 0 0 0 2 27 392 27 
Ethos 0 260 0 1 253 5 416 46 
Xeroth 8 979 12 7 1954 305 87865624 88236 
Snick 11 3054 11 10 279 155 56967240 57222 
Theory 0 365 0 0 855 18 436 139 
Theon 0 466 1 14 1827 195 143356272 143624 
Claude 4 1941 5 2 1409 129 118677731 119057 
Wot 0 0 0 0 7 0 22928 22 
Caps 0 0 24 1 74 1 1535 -361 
Makali 0 0 0 0 1 0 10396 10 
Leonas 0 0 0 0 4 0 21716 21 
Larius 0 7 0 1 41 0 35743 29 
Masema 0 45 0 0 137 1 978268 996 
Danae 0 262 0 0 253 2 1099300 1152 
Samwell 0 439 0 2 731 17 832 113 
Charis 0 86 0 0 118 1 420 20 
Bishop 0 4 0 0 34 0 0 3 
Tahnico 0 126 0 2 405 7 416 39 
Tormund 0 753 0 0 488 6 7204792 7333 
Rodrick 0 624 0 2 402 7 416 89 
Craster 0 3053 0 5 947 36 19626900 20011 
Qzar 0 1 0 0 17 0 26469 27 
Kyofu 0 0 0 0 2 0 10776 10 
Ivy 0 1133 4 1 239 84 20289935 20439 
Tilinith 0 1 0 0 33 0 78812 81 
Leviathan 0 0 0 0 3 0 11128 11 
Granter 0 0 0 0 1 0 10392 10 
Avian 0 13 0 4 488 5 831120 845 
Zunereth 0 0 0 0 1 0 10388 10 
Cormick 0 0 0 0 1 0 10404 10 
Searbarn 0 3 0 1 56 0 42596 37 
Dandara 0 1841 1 5 1155 82 0 316 
Shang 1 1006 1 4 19 61 420 110 
Fujin 0 846 2 1 515 63 420 158 
Waheed 0 586 0 5 601 14 420 82 
Eraser 109 4180 39 17 76 347 416 344 
Kahn 12 839 4 8 567 191 440 226 
Ifrit 0 503 0 8 1531 198 424 321 
Bandellah 63 536 82 16 338 189 420 -926 
Xanka 366 659 293 128 1490 366 420 -3997 
Gogagago 0 0 0 0 1 0 10380 10 
Polychronos 10 2183 17 30 3307 161 0 184 
Gummy 0 0 0 0 1 0 10400 10 
Damere 0 0 0 0 2 0 10776 10 
Porthios 0 0 0 0 1 0 10380 10 
Gandalug 0 82 1 3 733 14 9663015 9713 
Sterling 0 2036 0 6 1061 53 66301538 66603 
Nihil 0 0 0 0 5 0 11880 11 
Quay 0 0 0 0 27 1 30641 33 
Hellsing 0 0 0 0 4 0 11488 11 
Ox 0 27 0 1 125 0 135931 139 
Mortat 0 0 0 0 1 0 10380 10 
Ferk 0 0 0 0 1 0 10388 10 
Tork 0 1 0 0 11 0 24856 25 
Krymzin 0 54 0 1 462 14 14140873 14195 
Ruger 0 0 0 0 3 0 11248 11 
Stanis 0 0 0 0 1 0 10400 10 
AvAtArI 0 38 0 0 335 0 2978367 3014 
Illath 0 2 0 0 296 2 2613313 2644 
Spatha 0 0 0 0 8 0 13104 13 
Felonious 0 0 0 0 4 0 20788 20 
Cutter 1 1072 4 0 1758 132 420 357 
Nihlathak 0 1 0 0 105 0 51582 61 
Kensai 0 6 0 3 146 0 59920 43 
Lexi 0 1 0 1 28 0 31630 23 
Trazidone 0 25 0 1 135 0 65348 70 
Magis 100 573 89 73 1160 15937 310668391 325013 
Mors 0 0 0 0 1 0 10372 10 
Gelmir 0 146 0 6 578 15 3875892 3901 
Caym 0 0 0 0 5 0 12100 12 
Nicolas 0 0 0 0 4 0 11568 11 
NightCurse 0 640 1 6 178 96 48266667 48368 
Behr 0 1 0 1 169 1 177659 184 
Aldaris 0 598 0 3 1221 87 840 238 
Sunnelyte 0 51 0 0 19 10 3 16 
Bremen 0 50 0 0 156 3 190399 213 
Mitch 0 2 0 0 90 0 55142 64 
Vitales 0 0 0 0 1 0 10388 10 
Trebor 0 196 0 0 0 31 0 50 
Jarec 0 0 0 0 68 0 90704 96 
Dballz 0 0 0 0 1 0 10400 10 
Rajurito 0 3 0 0 78 0 49984 56 
Aluk 0 2 0 0 64 0 45655 51 
MrRose 9 1092 6 5 237 131 133312844 133462 
Jetamio 19 7347 9 25 393 919 160397409 161761 
Cennaire 0 4 0 1 401 6 3395598 3431 
Sebastian 0 397 2 3 528 20 2554400 2605 
Xypher 0 0 0 0 7 0 12800 12 
Spoof 0 0 0 0 2 0 384 0 
Emerikol 0 695 0 7 894 42 84125554 84255 
Coral 0 325 1 3 426 13 4547035 4589 
Nickle 0 99 0 2 583 4 571223 622 
Perrin 0 1066 0 8 1438 50 78918165 79137 
Hurricane 0 461 1 2 899 20 16779516 16899 
Kutar 9 2037 10 14 2575 339 420 536 
Meri 0 153 0 1 1027 27 136360977 136494 
Erebus 0 47 0 0 122 0 92034 108 
Jaebear 0 0 0 0 25 0 29800 31 
Ragnarok 0 17 0 0 33 0 34736 38 
Laidius 0 0 0 1 160 1 133376 140 
Eilin 0 6 0 0 188 2 161489 181 
Sellia 0 0 0 0 1 0 10392 10 
Teclis 5 636 15 50 253 127 80263208 79768 
Quato 0 34 0 1 693 5 1946668 2013 
Stealer 0 0 0 0 105 0 51982 61 
Ankrok 0 0 0 0 1 0 10412 10 
Sueri 0 0 0 0 66 0 47492 53 
Stitch 0 0 0 0 38 0 24744 27 
DuDe 15 1693 34 22 406 350 44612008 44486 
Virgil 0 0 0 0 104 0 38316 48 
Isabel 0 30 0 0 175 2 380 22 
Astagirk 1 161 6 1 59 85 476 9 
Rage 14 1622 21 22 1 204 424 -127 
Mikali 0 0 0 0 1 0 10408 10 
Remon 0 1 0 2 50 0 38047 23 
Cyx 0 83 0 0 142 5 1966092 1993 
Onikishi 0 3 0 1 104 1 50406 51 
Sileath 0 252 0 1 436 3 1637205 1698 
Multiplayer 0 0 0 0 1 0 10408 10 
WindSinger 0 661 1 1 268 96 19253369 19416 
Segovois 0 14 0 0 97 0 59919 69 
Sneaky 0 60 0 0 100 4 1309887 1329 
Flora 0 13 0 3 250 2 32827 30 
Shabazz 10 3179 1 13 390 94 832 335 
Sonli 0 0 0 0 1 0 416 0 
Lareth 0 203 0 0 505 12 6508892 6590 
Sigher 0 0 0 0 4 0 11664 11 
Jigger 0 0 0 1 10 0 23620 14 
Fenar 0 0 0 0 8 0 13136 13 
Cenairre 0 19 0 0 55 1 10815 17 
Korlics 0 0 1 0 9 0 22684 7 
DiscoStu 0 0 0 0 5 0 21160 21 
Korlic 0 0 0 0 1 0 10380 10 
Joey 0 0 0 0 5 0 11920 11 
Klopnock 0 0 0 1 5 0 21180 11 
Blaster 0 68 0 0 317 7 3379303 3423 
Stoffer 0 0 0 0 14 0 1543641814 1543642 
Zoe 0 1 0 0 45 0 27106 31 
Melody 0 106 0 3 766 14 0 70 
Massilda 0 0 0 0 103 0 50376 60 
Hummus 0 0 0 0 42 0 60703 64 
Eldora 0 0 0 0 1 0 10404 10 
Adamina 0 0 0 0 6 0 12448 12 
Jorge 0 0 0 0 8 0 13104 13 
Zhao 0 0 0 0 28 0 29716 31 
Create 0 71 0 0 103 2 0 19 
Parapara 0 250 0 0 751 22 72291361 72413 
Jamilynne 0 0 0 0 4 0 11536 11 
BlindRiot 0 0 0 0 12 0 24208 25 
Kenma 0 0 0 1 34 0 33972 26 
Saphyisgay 0 0 0 0 1 0 10408 10 
Forsith 6 1248 3 2 821 27 3862333 4048 
Erz 0 0 0 0 1 0 10412 10 
Evian 0 0 0 0 5 0 11960 11 
Tziporah 0 0 0 0 67 0 60764 66 
Azz 0 8 0 1 296 3 1346499 1368 
Perste 0 0 0 0 1 0 10404 10 
Glorfindel 0 295 0 3 260 16 3572426 3613 
Beansprout 0 0 0 1 1 0 10284 0 
Machdarw 0 0 0 0 7 0 12688 12 
Fasha 0 0 0 0 1 0 10412 10 
Nickolas 0 690 0 6 0 33 0 42 
Glinve 0 31 0 1 394 1 602865 635 
Nabisco 0 0 0 0 54 0 30520 35 
Scion 0 1302 0 39 1699 84 22119920 22112 
Tempguy 0 0 0 0 7 0 23312 23 
Debrimod 0 0 0 0 1 0 10396 10 
Quenton 0 331 0 6 575 15 5035676 5080 
Ark 0 284 0 1 0 8 0 26 
Wallace 0 85 0 0 0 1 0 9 
William 0 75 0 0 0 1 0 8 
Ron 0 23 0 0 44 0 0 6 
Korinthian 127 3096 12 34 14298 1695 0 3294 
Bleed 0 0 0 0 2 0 10776 10 
Rookee 0 0 0 0 2 0 10800 10 
Liriel 0 0 0 0 71 0 92212 99 
Worakh 0 0 0 0 3 0 11152 11 
Nirande 0 0 0 0 89 0 101776 109 
Gnoop 0 0 0 0 1 0 10404 10 
Slam 0 0 0 0 70 0 87220 94 
Nokens 0 0 0 0 1 0 10376 10 
Knagi 301 7287 149 347 1151 1818 556642620 554501 
Nacads 0 0 0 0 1 1 10408 11 
Wufei 0 85 0 1 0 1 0 -1 
Ebb 0 0 0 0 18 0 416 1 
Blyz 0 982 0 6 840 44 25724004 25890 
Jaonael 0 8 0 0 174 1 208902 226 
Thrall 1 262 1 0 1480 23 97174541 97359 
Zortexs 0 0 0 0 1 0 10392 10 
Andreas 0 1625 8 18 2669 74 166932109 167134 
Otokai 0 0 0 0 1 0 10396 10 
Gorgon 0 47 0 0 86 2 911315 925 
Kenshins 0 0 0 0 1 0 10408 10 
Kenshin 0 253 0 1 328 5 0 52 
Crunchie 0 2 0 0 68 0 38622 44 
Tararasa 0 0 0 0 1 0 10416 10 
Carta 0 0 0 0 1 0 10388 10 
Soberator 0 26 0 0 135 0 73556 88 
Myloque 0 16 0 0 87 1 58687 68 
Gohei 0 0 0 0 1 0 10396 10 
Dreadful 0 40 0 0 65 2 699985 711 
FashaSeven 0 0 0 0 1 0 10396 10 
Fiery 0 1 0 0 91 0 62406 71 
Felicia 69 5237 53 38 46 269 2139132560 2138960 
Betrayal 0 0 0 0 1 0 10396 10 
Fashasix 0 0 0 2 29 0 31832 13 
FashaFive 0 0 0 0 1 0 10400 10 
Beezle 0 34 0 0 363 0 197879 236 
FashaThree 0 0 0 0 1 0 10376 10 
FashaTwo 0 0 0 0 1 0 10384 10 
Kena 0 0 0 0 1 0 10408 10 
Ainur 0 5 0 0 171 0 242525 259 
Serpico 0 0 24 4 80 0 40720 -352 
Gruenhagen 0 10 0 0 242 0 131297 156 
Strom 0 123 0 0 515 4 924209 991 
Fireballs 0 0 0 0 8 0 23332 23 
Mrdanknug 0 2 0 0 60 0 65455 71 
Magely 0 0 0 1 367 1 1272754 1299 
Efire 0 1235 0 0 464 45 9361700 9575 
Pallando 0 19 0 0 301 0 175492 206 
Caliente 0 15 0 1 545 5 31776072 31826 
Kemna 0 2 0 0 23 0 29020 31 
Drew 0 0 0 0 3 0 11188 11 
Epcot 0 0 0 0 1 0 10416 10 
Miakoa 0 0 0 0 19 0 27072 28 
Lir 0 0 0 0 1 0 10380 10 
Xena 0 21 0 1 4 9 416 1 
Ivernazi 0 0 1 0 1 0 10388 -5 
Darkling 0 8 0 0 838 0 590486 673 
Malakhai 0 0 0 1 19 0 25288 16 
Alioni 0 808 0 10 527 26 34121100 34179 
Miyth 0 0 0 0 1 0 10396 10 
Moocow 0 0 0 0 14 0 15264 16 
Azreal 0 7 0 0 101 0 38827 48 
Oliver 4 1125 11 5 1168 50 278977995 279052 
Eden 0 2055 0 0 962 69 269534568 269904 
Skalik 0 146 0 1 706 4 568587 646 
Mercury 0 25 0 1 448 4 1218750 1258 
Hilton 0 136 17 14 1126 38 92174393 91942 
Snafuu 0 176 0 5 2 2 1711196 1680 
Saphron 0 129 0 1 2 8 840 10 
Neptune 0 17 0 0 164 0 105459 122 
Kedriel 0 6 0 0 117 0 96688 107 
Khedriel 0 107 0 0 283 5 191046 234 
Kedhriel 0 3 0 2 343 3 4507090 4524 
Greven 0 1 0 1 458 6 7432340 7473 
Vladmir 0 0 0 0 1 0 10412 10 
Flamehawk 0 613 0 1 71 74 46374761 46506 
Kreik 0 0 0 0 86 0 55148 63 
Pox 0 0 0 1 147 0 79615 83 
Kinzhull 0 0 0 1 3 0 11112 1 
Lindiatle 0 872 0 9 310 28 420 56 
Zackary 0 517 0 1 354 23 26593616 26692 
Stunblade 0 689 0 0 767 24 7929100 8097 
Tsoda 5 2204 8 5 304 153 32668800 32916 
Nitsudc 17 1294 27 34 186 243 102810800 102506 
Garroth 0 1109 1 46 2667 115 116149316 116165 
Thorasan 0 1869 2 22 12134 130 161111382 162390 
Tallia 0 0 0 0 1 0 10404 10 
Paulson 0 0 0 0 28 0 30988 32 
Kulen 0 1504 1 3 28 35 420 142 
Mitas 0 0 0 0 2 0 10768 10 
Slytz 1 727 14 2 800 86 23429768 23440 
Nny 4 530 8 0 897 23 45772512 45829 
Ommadon 0 182 0 1 400 6 5613333 5667 
LoTajal 0 109 0 0 213 2 2814649 2847 
Shadoe 0 1521 9 10 722 239 0 228 
Haikel 2 306 3 213 2165 171 416 -1752 
Apex 11 1113 24 10 1253 78 125637504 125524 
Falfa 0 2 0 0 36 0 33221 36 
Swiper 1 334 1 9 639 15 1995707 2004 
Venturak 0 19 0 0 3 0 1066200 1067 
Levlar 0 159 0 7 2 41 416 -14 
Dylan 1 91 2 2 2 27 436 -11 
Corall 0 95 0 0 268 3 202289 240 
Tert 0 209 0 0 341 5 2436200 2495 
Sother 0 659 0 9 994 27 9909196 10010 
Icid 1 6 1 0 164 0 132922 136 
Geshp 35 3261 1 4 2063 127 2073069976 2073778 
Cordan 0 0 0 0 1 0 10400 10 
Oraya 0 7 0 1 162 0 187461 193 
Trition 0 1 0 0 77 0 49989 56 
LorenzAa 0 53 0 15 607 24 9187124 9126 
Rakinishi 0 63 1 0 187 2 101797 112 
Zunreth 1 124 1 3 277 9 144162 150 
Luzige 0 0 0 0 1 0 10384 10 
Googleturd 0 0 0 0 5 0 21880 21 
Xiarian 0 0 0 0 34 0 23600 26 
Rockie 0 3 0 3 92 0 52130 31 
Arthedain 0 0 0 0 3 0 11116 11 
Gouh 0 0 0 1 6 0 12324 2 
Octoral 0 0 0 0 13 0 15096 16 
Dibbit 0 215 6 27 809 23 27203114 26967 
Kayron 0 0 0 0 1 0 10376 10 
Tummoc 0 4 0 0 319 1 197298 229 
Mango 0 0 0 0 1 0 10400 10 
Nice 0 1 0 0 15 0 25686 26 
Webble 0 0 0 0 1 0 10388 10 
Cayenne 0 59 0 0 309 0 208941 243 
Pebbles 0 103 0 0 72 1 11028 29 
LaCienega 0 6 0 0 171 1 149100 167 
Rillian 0 27 0 0 184 1 189199 210 
Rakinishu 0 0 0 0 28 0 20706 22 
SpiritQuest 0 0 0 0 25 0 20416 22 
Space 0 6 0 0 34 1 380 4 
Dameon 0 0 0 0 31 0 22016 25 
Cirius 0 0 0 0 88 0 56256 64 
Adeon 0 0 0 0 1 0 10400 10 
Morian 39 931 16 23 7289 202 496785221 497455 
Psi 0 0 0 0 16 0 26236 27 
Kioma 0 1157 0 0 654 39 88174928 88393 
Roff 0 14 0 0 214 0 169618 191 
Arachnia 0 0 0 0 258 0 295927 320 
Frizztz 0 88 0 1 514 6 2189507 2244 
Squall 0 0 0 0 1 0 10400 10 
Lonlorian 0 58 0 2 282 4 533992 550 
Zaphrod 0 697 0 4 265 12 5805342 5872 
Iverath 0 0 0 1 1 0 10316 0 
Uugi 0 0 0 0 1 0 10404 10 
Sader 0 5 0 0 152 0 107560 122 
Kalombo 1 144 1 1 637 4 1488242 1547 
Goru 0 10 0 0 182 1 17540 37 
Smert 0 0 0 0 7 0 12940 12 
Geddoe 0 1 0 0 85 0 121202 129 
Elestar 0 0 0 0 17 0 26296 27 
