#PLAYER
Name Kaos~
Id   956028726
LogF 1346632795
LogO 1346632799
Vers 8
ShD  A mistycal spectre~
LnD  a tanslucent spectre from the lost streches of the Void sits here gathering lost items~
Prom <%h^%H %m^%M %v^%V `i%x `l%X `k%e>`a%S ~
Race lich~
Clan Parlous~
Sex  0
Cla  0
Cla2  0
Cla3  0
Levl 90
Wants 7
EInSD 7
ODeaths 70
PBKill 75
MBKill 927
SBKill 7
PHKill 27
MHKill 3594
Hero 0
Depty 0
Sec  0
BldAll 0
Plyd 6503022
NPlyd 5850634
NAge 1
Bank_Gold 0
Bank_Silv 0
Email killerdreams449@yahoo.com~
Referrer ~
Souls 0
HP_Gained 300
Mana_Gained 100
Move_Gained 0
PointsRp 0
PointsNh 0
PointsQ 0
Avatar_Type 2
Race_Old 7
Class_Old -1
New_Style 1
Totalxp 18446744073414584320
TotalS 0
Dam_Type 17
Prevent_Escape 0
Falcon_Alert 0
NoBlinking 0
GamL 0
GamW 0
QTicks 0
TotalQH 0
TotalQF 1
TQFAttempt 3
TQHAttempt 0
TotalCGL 0
TotalCGW 0
TMM 635
TOS 31
MPC 0
Host wtcdsl-66-165-21-171.whidbey.net~
Not  1341738634 1340922932 1245641375 1341362930 1341675786 1342631837 1245641375 1245641375
Scro 22
Room 26851
HMV  854 854 1439 1439 408 408
Hand 2
Gold 195
Silv 0
Exp  104542628
Act  CDEHOb
Blok -1
AfBy DFGe
Comm LMNOQS
Com2 0
Pos  8
Alig  -1000
ACs 100 100 100 100
Wimp  100
Attr 15 18 8 6 26 8
AMod 0 0 0 0 0 1
Pass KaKPxgXwP3/eE~
Mask Dingleberry~
Pret `mSissy``~
Bcry  `a'`hI have seen Your `adreams`h, and now i devour.`a'``~
Plan  blood of blood
god of gods
take that which
was once a human mind
and deliver it to chaos
s
~
Layhands 0
Exorcise 0
Illusion 0
Titl  cringes in horror.~
Pnts 85
TSex 0
LLev 1673
Loner 1
HMVP 854 1389 408
Cd  -16 48 24 24 0
Color 1 11 1 23 3 14 6 0 12 6 6 10 8 12 12 8 13 7 0 0
Alias sa emote `a~
Sk 100 'armor'
Sk 100 'acid blast'
Sk 100 'fireshield'
Sk 100 'blindness'
Sk 100 'web'
Sk 100 'burning hands'
Sk 100 'call lightning'
Sk 100 'cancellation'
Sk 100 'chain lightning'
Sk 100 'change sex'
Sk 100 'charm person'
Sk 100 'chill touch'
Sk 100 'colour spray'
Sk 100 'control weather'
Sk 100 'create food'
Sk 100 'create rose'
Sk 100 'create spring'
Sk 100 'create water'
Sk 100 'curse'
Sk 100 'detect hidden'
Sk 100 'detect invis'
Sk 100 'detect magic'
Sk 100 'detect poison'
Sk 100 'dispel magic'
Sk 100 'firestorm'
Sk 100 'enchant armor'
Sk 100 'enchant weapon'
Sk 100 'energy drain'
Sk 100 'faerie fire'
Sk 100 'faerie fog'
Sk 100 'fireball'
Sk 100 'fireproof'
Sk 100 'fly'
Sk 100 'floating disc'
Sk 100 'floating letters'
Sk 100 'giant strength'
Sk 100 'haste'
Sk 100 'heat metal'
Sk 100 'identify'
Sk 100 'infravision'
Sk 100 'invisibility'
Sk 100 'mirror'
Sk 100 'lightning bolt'
Sk 100 'locate object'
Sk 100 'magic missile'
Sk 100 'mass invis'
Sk 100 'pass door'
Sk 100 'poison'
Sk 100 'portal'
Sk 100 'summon'
Sk 100 'gate'
Sk 100 'recharge'
Sk 100 'refresh'
Sk 100 'shield'
Sk 100 'shocking grasp'
Sk 100 'sleep'
Sk 100 'slow'
Sk 100 'stone skin'
Sk 100 'teleport'
Sk 100 'ventriloquate'
Sk 100 'weaken'
Sk 100 'acid breath'
Sk 100 'fire breath'
Sk 100 'frost breath'
Sk 100 'gas breath'
Sk 100 'lightning breath'
Sk 100 'aqua breathe'
Sk 100 'channel electricity'
Sk 100 'ice beam'
Sk 100 'electrical charge'
Sk 100 'dagger'
Sk 100 'staff'
Sk 100 'riding'
Sk 100 'dodge'
Sk 100 'swimming'
Sk 100 'throwing'
Sk 100 'butcher'
Sk 100 'meditation'
Sk 100 'fishing'
Sk 100 'brew'
Sk 100 'scribe'
Sk 100 'scrolls'
Sk 100 'staves'
Sk 100 'wands'
Sk 100 'defile'
Sk 100 'despoil'
Sk 100 'contaminate'
End

#O
Vnum 78
Nest 0
WearL -1
Cost 0
End

#O
Vnum 79
Nest 0
WearL -1
Cost 0
End

#O
Vnum 22022
Nest 0
ExF 0 42995712
WearL 8
Cost 0
End

#O
Vnum 25448
Nest 0
WearL -1
Cost 0
End

#RoomRLE   13 1 86 2 1 16 3 7 2 4 2 4 1 4 2 44 1 6 2 6 2 6 2 1 1 10 1 2 1 5 5 4 6 1 6 2 3 2 3 2 3 3 2 1 1 8 1 6 2 7 1 4 6 14 3 1 71 1 2 1 1 1 4 1 3 1 7 3 1 12 1 5 1 5 1 2 31 2 1 1 17 49 1 3 45 2 2 1 1 7 2 7 7 2 2 2 21 1 1 9 1 3 20 50 1 10 2 6 1 6 1 4 19 5 146 6 1 7 5 2 5 4 9 1 257 1 251 19 2 2 2 7 2 2 6 1 9 6 1 5 1 27 8 2 50 3 49 1 495 50 1 4 1 21 1 1 21 16 1 6 2 22 255 25 8 27 3 9 3 37 472 36 1 11 1 4 1 25 1 29 41 4 60 12 3 1 2 1 1 1 11 9 1 1 58 29 3 65 1 47 7 1 23 51 1 5 1 7 2 1 132 3 7 4 6 3 100 14 5 1 2 14 7 2 1 54 2 30 1 21 1 4 1 4 2 10 1 2 2 3 1 6 1 2 6 2 3 1 6 2 1 1 1 10 18 11 9 2 63 1 1 1 1 1 1 7 4 1 1 3 1 2 46 1 2 2 6 1 3 1 2 2 2 1 4 1 4 1 19 1 16 2 228 1 161 10 4 5 1 1 1 2 1 1 1 4 2 1 2 1 4 3 1 10 2 5 1 6 4 1 5 4 78 31 1 19 7 6 3 2 8 54 1 1 45 3 96 77 1 3 1 51 2 1 4 9 1 7 1 4 39 3 1 83 1 17 1 4 1 5 1 2 1 2 3 3 2 4 1 2 6 1 5 1 1 1 6 1 1 4 3 1 1 1 42 1 103 1 3 7 2 2 3 2 4 6 1 1 1 1 1 1 317 3 17 1 2 1 1 11 1 1 3 15 3 1 1 1 13 1 2 3 2 3 3 1 4 2 3 2 2 1 11 1 1 8 42 10 7 12 1 5 1 1 2 1 273 14 267 1 68 16 1 107 1 4 1 1 1 1 2 6 110 54 7 5 383 6 1 13 1 12 2 57 1 19 89 20 1 3 1 36 1 8 1 1 728 26 6 11 2 10 2 2 40 63 1 35 301 8 1 16 1 24 1 12 5 29 1 14 1 5 1 2 7 1 2 6 2 9 1 1 1 20 4 5 1 8 2 1 1 4 955 2 1 11 1 3 1 5 2 4 2 4 1 3 1 15 168 1 11 1 165 2 23 1 11 2 10 2 10 3 11 1 9 1 1 1 9 3 9 1 1 1 8 4 1 1 6 5 9 8 6 4 87 1 23 1 1 3 1 1 2 3 1 1 17 3 1 1 41 2 3 1 94 1 1 1 1 1 1 5 2 1 1 5 1 4 1 6 2 1 2 1 1 1 3 12 4 12 1 1 1 6 2 4 1 17 48 6 1 8 14 40 3 10 1 1 8 1 1 1 56 2 2 1 1 32 2 38 7 24 1 1 1 1 4 4 1 1 283 1 1 1 143 20 3 1 1 8 2 4 5 2 1 6 18 4 1 2 1 4 68 22 1 11 2 1 1 1 1 6 4 6 95 13 6 1 1 2 4 13 4 23 2 1 3 1 3 5 1 5 2 14 1 2 446 1 1 7 1 1 1 37 1 296 154 6 2 3 2 3 1 1 1 3 2 2 3 2 3 2 3 24 1 13 1 14 53 27 413 8 1 4 1 3 1 7 1 6 2 9 2 4 2 8 1 3 6 3 1 1 2 19 4 51 1 7 59 1 2 2 8 7 11 1 3 5 36 1 1 1 1 6 2 3 41 1 63 1 1888 59 1 10 429 48 2 1 7 6 9 3 1 6 2 7 1 4 4 12 1 28 4 1 1 34 1 1 4 5 7 22 2 6 1 13 6 1 4 2 3 1 11 1 6 2 3 5 14 1 29 1 7 11 10 1 2 1 21 1 20 2 19 1 54 1 11 8 6 5 7 2 4 13 2 2 4 1 1 2 10 5 2 6 3 4 2 13 6 6 4 15 4 1 4 3 11 9 27 1 10 1 1 1 3 1 51 2 1 1 3 1 45 1 20 3 669 7 3 11 4 1 2 6 6 1 2 3 2 2 5 1 7 1 6 1 2 2 2 7 1 1 1 6 7 1 2 5 7 8 7 2 2 4 7 5 1 2 5 1 1 1 1 2 2 2 7 1 1 2 2 2 6 5 2 2 6 2 1 6 4 4 1 6 4 1 2 1 1 17 2 12 1 5 1 1 325 2 2 29 1 31 1 5 1 2 1 1 2 4 1 23 1 3 1 26 1 17 1 1 1 1 2 1 1 8 1 14 1 5 1 2 43 9 1 7 1 1 1 1 1196 11 3 8 6 10 1 3 8 2 1 20 1 3 1 12 1 4 1 10 1 4 5 1 473 42 1 2 1 10 1 2 3 1 38 2 6 10 1 7 3 29 3 16 1 37 1 1 2 13 1 1 2 1 2 13 1 1 2 1 1 14 1 1 2 1 1 19 2 10 4 2 1 2 2 3 2 7 1 2 1 1 3 2 4 2 3 4 1 2 2 2 4 1 5 3 1 2 3 1 4 1 4 1 1 5 3 1 2 3 6 2 1 3 2 1 11 2 1 3 15 5 16 1 1 3 12 1 555 14 1 5 2 3 1 12 7 1 6 1 7 1 3 2 15 53 1 4 484 2 4 3 5 6 14 1 2 3 137 24 1 2 7 43 1 2 120 1 24 22 8 1 1952 1 6 1 5 1 13 1 1 1 1 1 4 1 6 1 2 1 1 2 5 1 4 2 6 3 3 3 2 3 1 3 16 1 6 1 14 2 1 1 1 1 1 7 2 1 7 1 6 2 1 3 3 1 2 1 7 1 8 5 4 4 20 2 5 1 6 1 2 1 15 1 12 1 1 1 2 3 9 1 1 1 4 1 20 1 1 1 3 2 15 3 12 3 8 1 1 3 13 1 2 1 1 3 1 2 3 1 1 3 5 2 3 1 2 2 1 1 11 2 2 1 3 8 7 1 2 1 1 2 1 1 4 1 4 1 2 2 9 1 14 1 24 2 4 1 10 1 1 1 7 1 2 2 27 1 4 1 24 1 7 1 5 66 2 1 1 1 2 43 1 2 8 1 1 1 4 2 1 1 4 1 5 1 11 1 3 1 10 2 4 2 1 2 3 1 6 5 23 1 23 2 3 1 1 1 1 2 2 2 4 5 4 4 25 1 2 2 8 1 9 6 1 2 5 1 4 1 19 1 4 1 3 1 2 1 1 2 15 4 16 1 26 1 11 1 5 1 7 1 11 3 3 1 6 1 26 1 1 1 5 4 1 1 3 1 45 1 18 1 1 1 6 1 4 2 15 2 1 1 7 2 3 1 3 1 60 1 2 1 21 3 3 1 1 4 13 1 13 1 4 4 4 2 1 1 2 1 1 1 20 1 13 1 1 1 9 1 2 2 10 2 1 2 1 3 1 1 9 2 5 1 15 3 10 2 11 1 3 1 12 1 3 1 3 2 1 4 6 1 3 1 3 1 2 1 2 1 2 1 23 1 1 1 2 1 1 1 15 3 12 1 6 1 39 1 1 3 2 1 5 2 6 2 2 5 9 4 49 1 7 1 1 1 23 1 149 68 132 12 792 5 1 6 1 6 1 21 1 2 2 1 25 6 1 1 1 1 114 4 35 1 2 1 1 1 1 1 1 1 51 4 35 1 2 1 1 1 1 1 1 1 51 4 35 1 2 1 1 1 1 1 1 1 51 4 35 1 2 1 1 1 1 1 1 1 51 4 23 4 8 1 2 1 1 1 1 1 1 1 51 4 8 4 2 10 2 3 6 1 2 1 1 1 1 1 1 1 37 12 2 4 7 2 2 4 2 2 3 2 4 2 5 1 2 1 1 1 1 1 1 1 46 1 4 4 1 7 21 1 5 1 2 1 1 1 1 1 1 1 46 1 4 4 1 1 4 1 22 2 4 1 2 1 1 1 1 1 1 1 46 1 4 4 1 1 28 2 3 1 2 1 1 1 1 1 1 1 41 6 4 4 1 1 29 1 3 1 2 1 1 1 1 1 1 1 41 1 9 4 1 2 28 2 2 1 2 1 1 1 1 1 1 1 41 1 9 4 1 2 29 1 2 1 2 1 1 1 1 1 1 1 41 1 9 6 30 1 2 1 2 1 1 1 1 1 1 1 41 1 9 6 30 4 2 1 1 1 1 1 1 1 41 1 9 5 31 4 2 1 1 1 1 1 1 1 41 1 9 6 31 3 2 1 1 1 1 1 1 1 41 1 7 6 1 1 32 2 2 1 1 1 1 1 1 1 41 1 7 1 1 4 1 1 31 3 2 1 1 1 1 1 1 1 1 2 31 1 6 1 7 1 1 6 31 3 2 1 1 1 1 1 1 1 1 4 29 1 6 1 7 1 1 6 32 2 2 1 1 1 1 1 1 1 1 4 29 1 6 1 7 1 1 6 32 2 2 1 1 1 1 1 1 1 1 2 1 1 29 2 5 1 7 1 1 4 31 5 2 1 1 1 1 1 1 1 1 2 1 1 30 1 5 1 7 1 1 4 30 3 2 1 2 1 1 1 1 1 1 1 1 2 1 2 27 3 5 1 7 1 1 4 29 2 1 1 2 1 2 1 1 1 1 1 1 1 1 2 1 2 27 1 7 1 6 7 30 1 1 4 2 1 1 1 1 1 1 1 1 2 1 4 20 6 7 1 6 2 1 4 30 4 1 1 2 1 1 1 1 1 1 1 1 2 1 1 2 2 16 25 1 3 34 6 1 1 1 1 1 1 1 2 1 1 3 1 16 4 2 1 9 1 7 1 1 3 35 2 1 2 1 3 1 1 1 2 1 1 3 1 16 3 3 1 9 1 7 1 1 1 1 1 35 2 1 2 1 3 1 1 1 2 1 1 3 1 16 1 5 1 9 1 7 2 38 9 1 1 1 2 1 1 3 1 15 2 5 3 3 5 4 4 41 3 1 3 1 1 1 2 1 1 3 1 13 3 6 7 8 1 46 5 1 1 1 2 1 1 3 1 12 3 13 1 7 2 49 4 1 2 1 1 3 1 12 2 14 1 7 1 52 2 1 2 1 1 3 1 11 3 14 1 7 1 53 4 1 1 3 1 11 3 14 1 61 1 1 2 1 1 3 1 9 4 15 1 61 1 1 2 1 1 3 1 9 3 15 2 61 1 1 2 1 1 3 1 9 4 15 2 60 1 1 2 1 1 3 1 12 1 12 7 20 1 1 1 1 1 3 5 23 3 1 2 1 1 3 1 12 2 11 1 5 2 2 2 14 2 1 1 1 1 3 6 23 2 1 2 1 1 3 1 13 3 8 2 6 1 1 5 12 2 1 1 1 1 1 1 1 7 22 2 1 2 1 1 3 1 15 1 8 1 1 13 12 6 5 6 21 2 1 2 1 1 3 1 15 2 6 2 1 13 12 4 10 2 22 2 1 2 1 1 3 1 15 2 6 1 2 9 2 2 12 4 15 1 18 2 1 2 1 1 3 1 16 1 3 4 3 4 6 2 13 5 13 1 19 1 1 2 1 1 3 1 16 1 3 1 3 6 25 1 14 2 5 1 12 1 1 2 1 1 3 1 16 2 2 1 1 3 17 1 12 1 14 3 3 5 9 53 12 4 11 1 1 1 3 1 6 1 6 52 9 90 11 86 14 1 8 76 25 76 24 76 23 77 24 76 22 78 10 2 1 2 5 81 8 8 1 83 11 1 5 2 6 1 5 1 5 1 7 1 1 1 1 3 1 2 1 1 3 1 20 20 10 3 3 1 13 1 5 1 7 1 1 1 1 3 1 2 1 1 3 1 21 18 7 60 15 19 3 62 16 25 6 1 17 1 5 1 7 1 1 1 1 3 1 2 1 1 3 1 21 25 6 4 14 1 5 1 7 1 1 1 1 6 1 1 3 1 21 1 20 19 9 1 5 1 7 1 1 1 1 3 1 2 1 1 3 1 20 2 21 3 24 1 5 1 7 1 1 1 1 17 15 2 21 3 24 1 5 1 7 1 1 1 1 3 1 2 1 1 3 1 20 2 21 3 24 1 5 1 7 1 1 1 1 3 1 2 1 1 3 1 20 2 21 3 24 1 5 1 7 1 1 1 1 3 1 2 1 1 3 1 19 3 21 3 24 1 5 1 7 1 1 1 1 3 1 2 1 1 3 1 19 3 21 3 24 1 5 1 7 1 1 1 1 3 1 2 1 1 3 1 19 1 1 1 21 3 24 1 5 1 7 1 1 1 1 3 1 2 1 1 3 1 18 2 1 1 21 3 24 1 5 1 7 1 1 1 1 3 1 2 1 1 3 1 21 1 21 3 24 1 5 1 7 1 1 1 1 3 1 2 1 1 3 1 21 1 21 3 24 1 5 1 7 1 1 1 1 3 1 2 1 1 3 1 21 1 20 64 15 21 1 3 24 1 5 1 7 1 1 1 1 3 1 2 1 1 3 1 5 6 31 31 2 16 1 2 1 1 3 1 10 61 5 1 6 59 1 3 31 3 4 1 1 1 1 1 1 1 1 2 1 1 3 1 43 3 31 1 1 1 4 1 1 1 1 1 1 1 1 2 1 1 3 1 43 3 33 1 4 1 1 1 1 1 1 1 1 2 1 1 3 1 43 3 34 2 2 1 1 1 1 1 1 1 1 2 1 1 3 1 43 3 35 1 2 1 1 1 1 1 1 1 1 2 1 1 3 1 43 3 35 1 2 1 1 1 1 1 1 1 1 2 1 1 3 1 43 3 35 1 2 1 1 1 1 1 1 1 1 2 1 1 3 1 42 4 35 1 2 1 1 1 1 1 1 1 1 2 1 1 3 1 42 4 35 1 2 1 1 1 1 1 1 1 1 2 1 1 3 1 42 4 35 1 2 1 1 1 1 1 1 1 1 2 1 1 3 1 42 4 35 1 2 1 1 1 1 1 1 1 1 2 1 1 3 1 42 4 35 1 2 1 1 1 1 1 1 1 1 2 1 1 3 1 42 4 35 1 2 1 1 1 1 1 1 1 1 2 1 1 3 1 42 4 35 1 2 1 1 1 1 1 1 1 51 4 35 1 2 1 1 1 1 1 1 1 51 4 35 1 2 1 1 1 1 1 1 1 51 4 35 1 2 1 1 1 1 1 1 1 51 4 35 1 2 1 1 1 1 1 1 1 51 4 35 1 2 1 1 1 1 1 1 1 27385 -1

#QbitsRLE   999 -1

#END
