4590 4591 4094
4587 4398 830
12397 4581 4590
4399 4549 4092
4398 4549 20378
4397 4549 28047
4397 4398 4586
4396 4549 4391
4395 4549 4585
4395 4398 4584
4395 4397 4084
4394 4549 5577
4394 4398 6185
4394 4397 4583
4394 4395 3219
12399 4549 4086
12399 4398 4091
12399 4397 4085
12399 4395 4582
4587 4549 11220
4587 4399 4082
4587 4397 4878
4587 4395 4090
4587 4394 4588
4587 12399 4581
4589 4549 4580
4589 4398 11285
4589 4397 4579
4589 4395 11286
4589 4394 4071
4589 12399 4871
4589 4587 12397
4389 12399 4549
4389 4587 4399
4389 4589 4396
4390 12399 4398
4390 4589 4397
4388 4587 4395
4388 4589 4394
4389 4390 12399
4388 4389 4587
4388 4390 4589
4392 4373 14308
4392 4371 4393
4392 4070 28007
4392 4068 20967
4392 4067 5112
433 4103 4378
4145 4371 12915
4387 4070 12061
4387 4386 4371
4070 4070 4103
1292 4107 4094
42 4378 4380
11415 4371 12915
4279 12915 11540
12221 4103 111
4067 4376 4375
4067 4103 433
4067 4375 4373
4067 433 28037
4376 4375 4066
4376 4068 4316
4103 4376 4372
4103 4068 4385
4375 433 4386
4375 4068 4070
433 4068 4387
4159 4068 11533
4159 3217 20970
28046 4372 4593
14024 14028 14031
14026 14030 14032
14031 14027 14033
14032 14029 14034
14033 14034 14035
14035 14036 14037
30000 12950 20956
4145 554 18930
5638 4640 32000
4114 11507 32006
1551 4648 1553
6279 4640 21143
21108 4640 21142
8707 4640 32003
4145 4145 32007
32007 32007 32008
32008 32008 32009
4648 32009 32010
4640 8730 16831
22661 22661 22688
22702 22702 22704
4691 4692 4698
4697 4690 4699
4699 4698 4700
6 38368 38400
6400 7250 38392
38392 8199 38393
11499 399 38394
38394 7283 38395
38395 11498 38396
38393 38396 38397
3676 2298 38398
10552 38398 38399
38397 38399 38368
