#PLAYER
Name Mordalphus~
Id   981428130
LogF 1348872057
LogO 1348873385
Vers 8
Prom `a<`lHP`a:`F%h `lMA`a:`I%m `lMV`a:`J%v`a>`` %S~
Race litan~
Sex  0
Cla  1
Cla2  1
Cla3  1
Levl 1
ODeaths 5
MBKill 1
PHKill 2
MHKill 84
NCTicks 1
Pers 1
Hero 0
Depty 0
Sec  1
BldAll 0
Plyd 0
NPlyd 0
NAge 0
Bank_Gold 0
Bank_Silv 0
Email do@not.restore~
Referrer ~
Souls 0
HP_Gained 0
Mana_Gained 0
Move_Gained 0
PointsRp 0
PointsNh 0
PointsQ 0
Avatar_Type 0
Race_Old -1
Class_Old -1
New_Style 1
Totalxp 0
TotalS 0
Dam_Type 17
Prevent_Escape 0
Falcon_Alert 0
NoBlinking 0
GamL 0
GamW 0
QTicks 0
TotalQH 1
TotalQF 0
TQFAttempt 0
TQHAttempt 1
TotalCGL 0
TotalCGW 0
TCT 1
TMT 1
MPC 0
Host PURGED-LD~
Not  1125530987 1129071619 1125617056 1125267114 1128270898 1129702097 1123387431 1098769894
Scro 22
Room 1276
HMV  10289 10289 10103 10103 30075 30075
Hand 4
Gold 0
Silv 0
Exp  0
Act  DNO
Blok -1
Comm MNOQS
Com2 A
Wizn ACFLRW
Pos  8
Trai 11
Save  -5
Alig  -1000
Hit   11
Dam   7
ACs -63 -63 -59 -96
Attr 25 7 17 25 10 8
AMod 6 0 0 0 0 2
Pass fuckoffdick~
Mask ~
Win Rarr.~
Plan  Under no circumstances should this alt be returned to the owner -Duiwel
~
Layhands 0
Exorcise 0
Illusion 0
Titl  some asshole~
Pnts 53
TSex 0
LLev 1026
Loner 1
HMVP 10250 10078 30075
Cd  0 45 24 24 0
Color 1 7 1 23 3 14 6 0 12 6 6 10 2 12 5 8 13 5 0 0
End



#RoomRLE   1 4 1 1 1 1 91 2 6 1 3 5 4 2 3 1 5 2 7 1 51 1 19 1 50 1 2 1 7 1 23 1 7 1 9 2 84 1 3 1 1 1 2 3 2 4 3 1 3 2 4 2 1 2 1 1 1 1 1 1 3 2 2 1 1 1 2 1 3 2 3 16 1 1 1 1 1 2 1 1 4 1 29 2 2 1 1 6 12 1 5 1 63 1 20 1 1 2 21 1 34 1 6 6 2 2 1 6 3 1 1 3 3 2 14 1 1 3 3 1 1 2 2 3 1 1 3 2 1 2 57 1 18 1 139 1 24 1 6 1 24 1 153 1 16 1 20 1 15 1 2 1 4 2 1 1 1 2 1 3 2 1 7 1 216 4 23 2 32 2 685 1 50 2 6 2 6 2 6 2 4 3 5 3 267 2 7 5 9 3 4 1 2 6 6 5 3 1 6 1 4 3 4 2 4 1 293 2 1 5 8 1 185 1 50 2 1 1 53 1 113 1 2 2 1 2 4 1 12 2 93 1 97 1 50 4 1 1 4 7 2 3 1 4 1 5 3 3 1 1 7 1 9 2 1 1 1 1 149 1 109 1 1 7 1 1 12 1 2 1 8 1 7 2 1 42 1 11 2 7 7 6 2 3 1 2 1 1 1 3 1 1 4 5 4 1 1 2 1 4 1 2 3 1 10 6 3 1 1 2 3 1 1 2 1 3 7 2 1 1 3 1 1 1 7 1 14 1 7 2 5 2 3 1 69 3 17 1 3 1 53 5 3 1 4 1 2 8 4 4 9 2 8 1 7 1 4 1 421 1 13 1 13 1 18 1 91 3 7 1 5 2 38 1 1 1 8 39 1 10 1 6 143 9 9 9 6 1 1 12 22 3 1 1 4 1 1 1 1 12 4 1 1 1 23 1 77 1 1 1 69 1 23 1 20 1 81 1 9 2 338 43 82 1 55 1 32 1 2 1 2 1 9 4 7 1 1 1 82 1 526 2 1 2 11 1 1 2 4 1 3 1 8 1 88 3 3 1 11 6 5 3 25 3 2 3 7 1 1 1 20 4 3 4 117 1 2 1 2 4 3 1 33 1 1 1 4 10 435 1 147 2 4 1 1 9 11 1 1 1 1 1 3 11 1 6 1 4 5 4 4 3 5 1 819 12 1 4 1 4 1 3 2 1 1 1 9 2 4 1 23 1 21 1 3 1 303 1 19 1 12 1 1 15 1 1 1 11 4 10 6 3 7 2 4 1 2 1 3 7 4 1 14 1 8 2 9 1 1 1 14 10 1 2 1 6 1 2 542 1 2 1 1 9 1 15 2 5 8 1 20 1 7 2 1 5 2 4 2 1 2 6 2 1 2 1 1 1 2 1 2 1 1 1 1 8 1 2 1 1 1 1 33 5 1 7 3 6 2 14 215 2 1 1 2 1 1 10 1 5 1 2 1 1 4 3 1 4 2 13 244 1 17 1 1 3 1 16 96 2 10 2 112 1 120 1 17 10 1 1 150 1 5 21 1 25 1 1 1 27 1 1 1 1 4 4 59 4 3 3 4 1 1 1 1 6 1 32 1 13 1 1 8 1 1 2 106 1 523 2 153 1 1 1 1 1 119 4 47 1 11 1 32 3 2 1 1 1 3 1 452 2 6 1 2 1 9 1 87 1 1 1 9 2 8 2 6 5 5 1 2 1 6 1 2 1 6 1 2 11 6 1 1 2 4 1 1 4 4 1 1 4 4 2 1 23 7 1 17 1 39 1 8 5 7 9 160 2 54 2 28 1 57 1 7 4 1 3 3 1 416 5 2 1 1 1 8 7 1 2 1 2 1 2 2 3 5 2 3 1 1 1 7 1 5 1 3 2 7 1 20 31 5 12 1 2 1 7 59 2 1 4 6 1 6 1 2 2 18 3 14 3 54 1 3 2 9 1 1 1 2 1 18 2 1 1 6 2 3 1 1 1 6 3 3 2 7 1 1889 2 1 5 4 1 1 2 7 4 1 5 1 2 2 3 1 9 1 3 3 1 7 1 1 2 429 2 9 12 10 1 3 1 31 8 14 3 15 1 55 1 1 3 186 2 13 1 7 1 4 1 17 1 94 1 5 1 24 1 20 1 22 1 138 1 120 1 672 1 43 1 13 1 6 1 12 6 11 1 158 1 1 7 341 4 1 1 1 2 20 5 3 1 3 5 25 1 7 4 1 14 1 2 2 2 1 1 1 10 2 2 13 4 5 1 1 3 24 1 1 9 1 1 2 2 15 1 9 1 16 1 10 2 1206 8 6 1 5 3 1 1 4 2 1 1 1 1 1 1 1 1 49 1 8 1 2 1 15 1 472 1 1 2 5 1 3 1 3 1 2 1 12 1 6 3 1 1 4 1 6 1 2 1 49 3 14 1 2 1 16 4 3 1 11 2 16 5 12 1 1 6 14 1 3 1 14 2 3 1 14 2 1 1 1 1 14 6 20 1 30 1 139 3 11 2 555 1 8 1 2 4 6 1 8 1 49 1 18 1 13 2 7 1 876 1 25 1 10 3 12 1 1947 1 1 3 2 4 4 2 1 1 2 2 2 2 3 1 1 2 2 1 10 1 2 1 7 3 1 1 14 1 2 2 11 2 18 1 7 1 21 1 18 1 3 3 6 1 27 1 8 1 4 1 6 1 5 1 84 4 48 1 20 1 10 1 1 1 64 1 4 1 2 5 1 1 1 1 15 2 1 2 60 2 47 2 8 1 186 1 15 1 7 1 3 1 5 1 7 1 25 1 62 6 103 1 22 1 4 1 15 1 67 1 2 1 7 1 2 1 7 14 32 1 3 1 3 1 3 1 55 1 19 1 19 2 1 1 1 1 8 1 20 1 4 1 13 2 1 1 8 5 3 1 6 1 1 2 5 1 51 1 40 1 8 1 9 2 15 1 3 1 1 1 1 1 9 4 1 3 1 3 6 2 4 1 3 1 1 2 5 1 2 1 5 1 15 3 3 1 358 3 1 1 1 2 4 2 2 8 4 1 1 3 1 1 12 1 8 7 4 1 143 1 796 1 74 1 116 1 646 2 655 1 494 1 4096 1 1380 1 484 1 203 1 228 1 1149 1 27988 -1

#QbitsRLE   999 -1

#END
